TIME	P	Q	P(corr)	Q(corr)
s	uW	mJ	uW	mJ
1	85.571	0.086	85.500	0.086
2	85.620	0.171	85.501	0.171
3	85.521	0.257	85.501	0.257
4	85.417	0.342	85.502	0.342
5	85.521	0.428	85.502	0.428
6	85.497	0.513	85.503	0.513
7	85.571	0.599	85.503	0.599
8	85.521	0.684	85.504	0.684
9	85.571	0.770	85.504	0.770
10	85.571	0.855	85.504	0.855
11	85.472	0.941	85.504	0.941
12	85.546	1.026	85.505	1.026
13	85.472	1.112	85.505	1.112
14	85.497	1.197	85.505	1.197
15	85.571	1.283	85.505	1.283
16	85.571	1.369	85.505	1.368
17	85.380	1.454	85.505	1.454
18	85.497	1.539	85.505	1.539
19	85.546	1.625	85.506	1.625
20	85.472	1.710	85.506	1.710
21	85.472	1.796	85.506	1.796
22	85.448	1.881	85.506	1.881
23	85.423	1.967	85.506	1.967
24	85.521	2.052	85.506	2.052
25	85.521	2.138	85.506	2.138
26	85.546	2.223	85.506	2.223
27	85.521	2.309	85.506	2.309
28	85.521	2.394	85.506	2.394
29	85.472	2.480	85.506	2.480
30	85.509	2.565	85.506	2.565
31	85.497	2.651	85.506	2.651
32	85.571	2.736	85.506	2.736
33	85.521	2.822	85.506	2.822
34	85.571	2.908	85.506	2.907
35	85.546	2.993	85.507	2.993
36	85.448	3.079	85.507	3.078
37	85.620	3.164	85.507	3.164
38	85.472	3.250	85.507	3.249
39	85.571	3.335	85.507	3.335
40	85.546	3.421	85.507	3.420
41	85.571	3.506	85.508	3.506
42	85.521	3.592	85.508	3.591
43	85.491	3.677	85.508	3.677
44	85.448	3.763	85.508	3.762
45	85.497	3.848	85.508	3.848
46	85.448	3.934	85.509	3.933
47	85.399	4.019	85.509	4.019
48	85.497	4.105	85.509	4.104
49	85.472	4.190	85.509	4.190
50	85.497	4.276	85.509	4.275
51	85.497	4.361	85.510	4.361
52	85.472	4.447	85.510	4.446
53	85.497	4.532	85.510	4.532
54	85.448	4.617	85.511	4.617
55	85.595	4.703	85.511	4.703
56	85.399	4.788	85.511	4.788
57	85.448	4.874	85.511	4.874
58	85.595	4.960	85.512	4.959
59	85.472	5.045	85.512	5.045
60	85.497	5.130	85.512	5.130
61	85.521	5.216	85.512	5.216
62	85.497	5.302	85.512	5.301
63	85.571	5.387	85.512	5.387
64	85.571	5.473	85.513	5.472
65	85.546	5.558	85.513	5.558
66	85.546	5.644	85.513	5.643
67	85.546	5.729	85.513	5.729
68	85.595	5.815	85.513	5.814
69	85.546	5.900	85.513	5.900
70	85.669	5.986	85.513	5.986
71	85.546	6.072	85.512	6.071
72	85.497	6.157	85.512	6.157
73	85.521	6.243	85.512	6.242
74	85.497	6.328	85.512	6.328
75	85.521	6.414	85.512	6.413
76	85.546	6.499	85.512	6.499
77	85.448	6.585	85.512	6.584
78	85.423	6.670	85.512	6.670
79	85.472	6.756	85.511	6.755
80	85.546	6.841	85.511	6.841
81	85.472	6.927	85.511	6.926
82	85.454	7.012	85.511	7.012
83	85.546	7.098	85.511	7.097
84	85.448	7.183	85.511	7.183
85	85.399	7.268	85.511	7.268
86	85.399	7.354	85.511	7.354
87	85.472	7.439	85.510	7.439
88	85.521	7.525	85.510	7.525
89	85.521	7.610	85.510	7.610
90	85.448	7.696	85.510	7.696
91	85.497	7.781	85.510	7.781
92	85.472	7.867	85.510	7.867
93	85.423	7.952	85.510	7.952
94	85.472	8.038	85.510	8.038
95	85.546	8.123	85.510	8.123
96	85.497	8.209	85.510	8.209
97	85.497	8.294	85.510	8.294
98	85.521	8.380	85.509	8.380
99	85.472	8.465	85.509	8.465
100	85.546	8.551	85.509	8.551
101	85.448	8.636	85.509	8.636
102	85.521	8.722	85.509	8.722
103	85.571	8.807	85.509	8.807
104	85.448	8.893	85.509	8.893
105	85.423	8.978	85.509	8.978
106	85.497	9.064	85.509	9.064
107	85.546	9.149	85.509	9.149
108	85.583	9.235	85.509	9.235
109	85.521	9.320	85.509	9.320
110	85.546	9.406	85.509	9.406
111	85.497	9.491	85.509	9.491
112	85.472	9.577	85.509	9.577
113	85.472	9.662	85.509	9.662
114	85.472	9.748	85.509	9.748
115	85.472	9.833	85.508	9.833
116	85.571	9.919	85.508	9.919
117	85.448	10.004	85.508	10.004
118	85.423	10.090	85.508	10.090
119	85.423	10.175	85.508	10.176
120	85.423	10.261	85.508	10.261
121	85.528	10.346	85.507	10.347
122	85.521	10.432	85.507	10.432
123	85.521	10.517	85.507	10.518
124	85.448	10.603	85.507	10.603
125	85.521	10.688	85.506	10.689
126	85.448	10.774	85.506	10.774
127	85.423	10.859	85.506	10.860
128	85.399	10.944	85.505	10.945
129	85.448	11.030	85.505	11.031
130	85.644	11.115	85.505	11.116
131	85.448	11.201	85.504	11.202
132	85.546	11.286	85.504	11.287
133	85.546	11.372	85.503	11.373
134	85.472	11.457	85.503	11.458
135	85.497	11.543	85.503	11.544
136	85.595	11.629	85.502	11.629
137	85.521	11.714	85.502	11.715
138	85.571	11.800	85.501	11.800
139	85.521	11.885	85.501	11.886
140	85.546	11.971	85.500	11.971
141	85.374	12.056	85.500	12.057
142	85.521	12.142	85.499	12.142
143	85.595	12.227	85.499	12.228
144	85.497	12.313	85.499	12.313
145	85.546	12.398	85.498	12.399
146	85.472	12.484	85.498	12.484
147	85.454	12.569	85.497	12.570
148	85.374	12.655	85.497	12.655
149	85.620	12.740	85.496	12.741
150	85.521	12.826	85.496	12.826
151	85.497	12.911	85.496	12.912
152	85.472	12.997	85.495	12.997
153	85.546	13.082	85.495	13.083
154	85.472	13.168	85.495	13.168
155	85.546	13.253	85.494	13.254
156	85.399	13.339	85.494	13.339
157	85.472	13.424	85.494	13.425
158	85.448	13.510	85.494	13.510
159	85.546	13.595	85.494	13.596
160	85.491	13.681	85.493	13.681
161	85.350	13.766	85.493	13.767
162	85.423	13.851	85.493	13.852
163	85.374	13.937	85.493	13.938
164	85.521	14.022	85.493	14.023
165	85.595	14.108	85.493	14.108
166	85.423	14.193	85.493	14.194
167	85.423	14.279	85.493	14.279
168	85.423	14.364	85.493	14.365
169	85.472	14.450	85.493	14.450
170	85.472	14.535	85.493	14.536
171	85.521	14.621	85.493	14.621
172	85.423	14.706	85.493	14.707
173	85.491	14.791	85.494	14.792
174	85.497	14.877	85.494	14.878
175	85.423	14.962	85.494	14.963
176	85.374	15.048	85.494	15.049
177	85.472	15.133	85.494	15.134
178	85.399	15.219	85.494	15.220
179	85.472	15.304	85.494	15.305
180	85.448	15.390	85.495	15.391
181	85.423	15.475	85.495	15.476
182	85.546	15.561	85.495	15.562
183	85.497	15.646	85.495	15.647
184	85.521	15.732	85.495	15.733
185	85.448	15.817	85.495	15.818
186	85.417	15.902	85.495	15.904
187	85.399	15.988	85.495	15.989
188	85.497	16.073	85.495	16.075
189	85.350	16.159	85.495	16.160
190	85.497	16.244	85.494	16.246
191	85.472	16.330	85.494	16.331
192	85.399	16.415	85.494	16.417
193	85.423	16.500	85.494	16.502
194	85.472	16.586	85.493	16.588
195	85.521	16.671	85.493	16.673
196	85.546	16.757	85.493	16.759
197	85.472	16.842	85.492	16.844
198	85.423	16.928	85.492	16.930
199	85.454	17.013	85.491	17.015
200	85.521	17.099	85.491	17.101
201	85.448	17.184	85.490	17.186
202	85.448	17.270	85.490	17.272
203	85.521	17.355	85.489	17.357
204	85.546	17.441	85.488	17.443
205	85.423	17.526	85.488	17.528
206	85.521	17.612	85.487	17.614
207	85.521	17.697	85.486	17.699
208	85.521	17.783	85.485	17.785
209	85.595	17.868	85.485	17.870
210	85.546	17.954	85.484	17.956
211	85.546	18.039	85.483	18.041
212	85.509	18.125	85.482	18.127
213	85.472	18.210	85.481	18.212
214	85.423	18.296	85.480	18.298
215	85.497	18.381	85.480	18.383
216	85.546	18.467	85.479	18.469
217	85.448	18.552	85.478	18.554
218	85.521	18.638	85.477	18.639
219	85.448	18.723	85.476	18.725
220	85.423	18.809	85.476	18.810
221	85.472	18.894	85.475	18.896
222	85.546	18.980	85.474	18.981
223	85.472	19.065	85.473	19.067
224	85.472	19.151	85.473	19.152
225	85.564	19.236	85.472	19.238
226	85.472	19.322	85.472	19.323
227	85.472	19.407	85.471	19.409
228	85.521	19.493	85.471	19.494
229	85.497	19.578	85.470	19.580
230	85.472	19.664	85.470	19.665
231	85.546	19.749	85.469	19.751
232	85.521	19.835	85.469	19.836
233	85.472	19.920	85.469	19.922
234	85.399	20.006	85.469	20.007
235	85.546	20.091	85.469	20.092
236	85.546	20.177	85.468	20.178
237	85.399	20.262	85.468	20.263
238	85.436	20.348	85.469	20.349
239	85.448	20.433	85.469	20.434
240	85.472	20.519	85.469	20.520
241	85.472	20.604	85.469	20.605
242	85.546	20.690	85.469	20.691
243	85.472	20.775	85.470	20.776
244	85.497	20.861	85.470	20.862
245	85.448	20.946	85.471	20.947
246	85.521	21.031	85.471	21.033
247	85.571	21.117	85.472	21.118
248	85.497	21.203	85.472	21.204
249	85.423	21.288	85.473	21.289
250	85.448	21.373	85.473	21.375
251	85.454	21.459	85.474	21.460
252	85.423	21.544	85.475	21.545
253	85.374	21.630	85.475	21.631
254	85.497	21.715	85.476	21.716
255	85.472	21.801	85.477	21.802
256	85.497	21.886	85.477	21.887
257	85.448	21.972	85.478	21.973
258	85.472	22.057	85.479	22.058
259	85.448	22.142	85.480	22.144
260	85.448	22.228	85.480	22.229
261	85.374	22.313	85.481	22.315
262	85.399	22.399	85.482	22.400
263	85.374	22.484	85.482	22.486
264	85.362	22.569	85.483	22.571
265	85.497	22.655	85.483	22.657
266	85.497	22.740	85.484	22.742
267	85.497	22.826	85.484	22.828
268	85.448	22.911	85.485	22.913
269	85.521	22.997	85.485	22.999
270	85.472	23.082	85.486	23.084
271	85.472	23.168	85.486	23.170
272	85.472	23.253	85.486	23.255
273	85.497	23.339	85.486	23.341
274	85.571	23.424	85.487	23.426
275	85.423	23.510	85.487	23.512
276	85.448	23.595	85.487	23.597
277	85.491	23.681	85.487	23.683
278	85.399	23.766	85.487	23.768
279	85.399	23.852	85.487	23.854
280	85.472	23.937	85.486	23.939
281	85.399	24.022	85.486	24.025
282	85.521	24.108	85.486	24.110
283	85.423	24.193	85.486	24.195
284	85.448	24.279	85.485	24.281
285	85.448	24.364	85.485	24.366
286	85.399	24.450	85.484	24.452
287	85.546	24.535	85.484	24.537
288	85.497	24.621	85.484	24.623
289	85.472	24.706	85.483	24.708
290	85.399	24.792	85.482	24.794
291	85.423	24.877	85.482	24.879
292	85.497	24.963	85.481	24.965
293	85.423	25.048	85.480	25.050
294	85.399	25.133	85.480	25.136
295	85.423	25.219	85.479	25.221
296	85.448	25.304	85.478	25.307
297	85.374	25.390	85.478	25.392
298	85.276	25.475	85.477	25.478
299	85.399	25.560	85.476	25.563
300	85.423	25.646	85.475	25.649
301	85.497	25.731	85.475	25.734
301	85.497	0.085	85.474	0.085
302	85.436	0.171	85.473	0.171
303	85.472	0.256	85.472	0.256
304	85.472	0.342	85.471	0.342
305	85.693	0.428	85.471	0.427
306	86.037	0.514	85.470	0.513
307	86.380	0.600	85.469	0.598
308	86.773	0.687	85.468	0.684
309	87.362	0.774	85.468	0.769
310	87.926	0.862	85.467	0.855
311	88.442	0.950	85.466	0.940
312	89.006	1.039	85.465	1.026
313	89.571	1.129	85.464	1.111
314	90.086	1.219	85.464	1.197
315	90.663	1.310	85.463	1.282
316	91.313	1.401	85.462	1.367
317	92.025	1.493	85.462	1.453
318	92.393	1.586	85.461	1.538
319	92.982	1.679	85.461	1.624
320	93.521	1.772	85.462	1.709
321	93.939	1.866	85.463	1.795
322	94.577	1.961	85.464	1.880
323	94.920	2.055	85.467	1.966
324	95.460	2.151	85.470	2.051
325	95.730	2.247	85.475	2.137
326	96.270	2.343	85.481	2.222
327	96.761	2.440	85.488	2.308
328	97.288	2.537	85.497	2.393
329	97.742	2.635	85.509	2.479
330	98.037	2.733	85.522	2.564
331	98.601	2.831	85.538	2.650
332	98.969	2.930	85.557	2.735
333	99.386	3.030	85.579	2.821
334	99.779	3.130	85.605	2.906
335	100.123	3.230	85.634	2.992
336	100.417	3.330	85.667	3.078
337	100.810	3.431	85.704	3.163
338	101.202	3.532	85.747	3.249
339	101.571	3.634	85.794	3.335
340	101.840	3.735	85.846	3.421
341	102.442	3.838	85.904	3.507
342	102.773	3.941	85.968	3.593
343	103.239	4.044	86.038	3.679
344	103.485	4.147	86.114	3.765
345	103.877	4.251	86.198	3.851
346	104.172	4.355	86.288	3.937
347	104.564	4.460	86.386	4.024
348	104.810	4.565	86.492	4.110
349	105.104	4.670	86.606	4.197
350	105.472	4.775	86.728	4.284
351	105.742	4.881	86.858	4.370
352	106.135	4.987	86.997	4.457
353	106.429	5.094	87.145	4.545
354	106.822	5.201	87.301	4.632
355	107.117	5.308	87.467	4.719
356	107.460	5.415	87.642	4.807
357	107.828	5.523	87.827	4.895
358	108.025	5.631	88.021	4.983
359	108.515	5.739	88.224	5.071
360	108.712	5.848	88.437	5.159
361	109.055	5.957	88.659	5.248
362	109.325	6.067	88.890	5.337
363	109.693	6.176	89.131	5.426
364	110.086	6.286	89.381	5.516
365	110.233	6.397	89.640	5.605
366	110.454	6.507	89.908	5.695
367	110.945	6.618	90.185	5.785
368	111.337	6.729	90.470	5.876
369	111.558	6.841	90.763	5.967
370	111.877	6.953	91.065	6.058
371	112.196	7.065	91.374	6.149
372	112.515	7.177	91.691	6.241
373	112.761	7.290	92.015	6.333
374	113.055	7.403	92.346	6.425
375	113.301	7.517	92.683	6.518
376	113.546	7.630	93.027	6.611
377	113.914	7.744	93.376	6.704
378	114.135	7.858	93.731	6.798
379	114.479	7.973	94.090	6.892
380	114.718	8.087	94.454	6.986
381	115.117	8.202	94.823	7.081
382	115.386	8.318	95.195	7.176
383	115.583	8.433	95.570	7.272
384	115.877	8.549	95.949	7.368
385	116.147	8.665	96.330	7.464
386	116.393	8.782	96.713	7.561
387	116.663	8.899	97.098	7.658
388	116.957	9.016	97.484	7.756
389	117.202	9.133	97.871	7.853
390	117.497	9.250	98.259	7.952
391	117.693	9.368	98.648	8.050
392	117.963	9.486	99.036	8.149
393	118.307	9.604	99.423	8.249
394	118.675	9.723	99.811	8.349
395	119.018	9.842	100.197	8.449
396	119.215	9.961	100.582	8.549
397	119.485	10.081	100.965	8.650
398	119.779	10.200	101.347	8.752
399	120.000	10.320	101.726	8.853
400	120.270	10.441	102.104	8.955
401	120.466	10.561	102.479	9.058
402	120.785	10.682	102.852	9.161
403	121.031	10.803	103.222	9.264
404	121.325	10.924	103.590	9.368
405	121.521	11.046	103.955	9.472
406	121.896	11.168	104.317	9.576
407	122.209	11.290	104.676	9.681
408	122.380	11.412	105.032	9.786
409	122.601	11.535	105.385	9.891
410	122.969	11.658	105.735	9.997
411	123.141	11.781	106.082	10.103
412	123.485	11.904	106.426	10.209
413	123.632	12.028	106.767	10.316
414	123.926	12.152	107.105	10.423
415	124.098	12.276	107.440	10.531
416	124.344	12.400	107.773	10.638
417	124.417	12.525	108.102	10.746
418	124.908	12.650	108.430	10.855
419	125.153	12.775	108.754	10.964
420	125.374	12.900	109.077	11.073
421	125.620	13.026	109.397	11.182
422	125.939	13.152	109.714	11.292
423	126.110	13.278	110.030	11.402
424	126.331	13.404	110.344	11.512
425	126.577	13.531	110.655	11.623
426	126.675	13.658	110.965	11.734
427	127.067	13.785	111.273	11.845
428	127.386	13.912	111.579	11.957
429	127.656	14.040	111.883	12.069
430	127.853	14.167	112.185	12.181
431	128.074	14.296	112.486	12.293
432	128.356	14.424	112.785	12.406
433	128.638	14.553	113.083	12.519
434	128.785	14.681	113.379	12.632
435	129.055	14.810	113.674	12.746
436	129.350	14.940	113.967	12.860
437	129.423	15.069	114.259	12.974
438	129.718	15.199	114.549	13.089
439	130.012	15.329	114.838	13.204
440	130.160	15.459	115.126	13.319
441	130.503	15.590	115.412	13.434
442	130.675	15.720	115.697	13.550
443	130.847	15.851	115.981	13.666
444	131.092	15.982	116.264	13.782
445	131.393	16.114	116.546	13.899
446	131.632	16.245	116.826	14.016
447	131.853	16.377	117.105	14.133
448	132.074	16.509	117.383	14.250
449	132.294	16.641	117.660	14.368
450	132.393	16.774	117.936	14.486
451	132.638	16.906	118.210	14.604
452	132.957	17.039	118.484	14.722
453	133.080	17.172	118.757	14.841
454	133.325	17.306	119.028	14.960
455	133.571	17.439	119.299	15.079
456	133.840	17.573	119.568	15.199
457	133.963	17.707	119.837	15.319
458	134.282	17.841	120.104	15.439
459	134.528	17.976	120.371	15.559
460	134.724	18.111	120.636	15.680
461	134.847	18.246	120.901	15.801
462	135.166	18.381	121.164	15.922
463	135.288	18.516	121.427	16.043
464	135.509	18.652	121.689	16.165
465	135.853	18.787	121.950	16.287
466	136.025	18.923	122.210	16.409
467	136.098	19.059	122.469	16.532
468	136.466	19.196	122.727	16.654
469	136.638	19.333	122.984	16.777
470	136.859	19.469	123.240	16.901
471	137.117	19.607	123.496	17.024
472	137.301	19.744	123.750	17.148
473	137.448	19.881	124.004	17.272
474	137.742	20.019	124.257	17.396
475	137.865	20.157	124.509	17.521
476	138.061	20.295	124.760	17.645
477	138.282	20.433	125.010	17.771
478	138.528	20.572	125.259	17.896
479	138.699	20.711	125.508	18.021
480	139.018	20.850	125.755	18.147
481	139.166	20.989	126.002	18.273
482	139.386	21.128	126.248	18.399
483	139.485	21.268	126.494	18.526
484	139.767	21.407	126.738	18.653
485	140.049	21.547	126.982	18.779
486	140.245	21.688	127.225	18.907
487	140.417	21.828	127.467	19.034
488	140.687	21.969	127.708	19.162
489	140.736	22.109	127.948	19.290
490	141.006	22.250	128.188	19.418
491	141.202	22.392	128.426	19.546
492	141.301	22.533	128.664	19.675
493	141.546	22.675	128.902	19.804
494	141.767	22.816	129.138	19.933
495	141.939	22.958	129.374	20.063
496	142.233	23.100	129.609	20.192
497	142.380	23.243	129.843	20.322
498	142.479	23.385	130.076	20.452
499	142.773	23.528	130.309	20.582
500	143.018	23.671	130.541	20.713
501	143.166	23.814	130.772	20.844
502	143.337	23.958	131.002	20.975
503	143.706	24.101	131.232	21.106
504	144.368	24.246	131.461	21.237
505	145.104	24.391	131.690	21.369
506	145.914	24.537	131.917	21.501
507	146.822	24.684	132.144	21.633
508	147.730	24.831	132.370	21.765
509	148.712	24.980	132.596	21.898
510	149.798	25.130	132.821	22.031
511	150.798	25.281	133.045	22.164
512	151.828	25.432	133.268	22.297
513	152.736	25.585	133.491	22.431
514	153.693	25.739	133.713	22.564
515	154.626	25.893	133.935	22.698
516	155.583	26.049	134.156	22.833
517	156.466	26.205	134.377	22.967
518	157.472	26.363	134.598	23.101
519	158.159	26.521	134.818	23.236
520	159.067	26.680	135.039	23.371
521	159.853	26.840	135.261	23.507
522	160.663	27.001	135.483	23.642
523	161.577	27.162	135.706	23.778
524	162.577	27.325	135.931	23.914
525	163.313	27.488	136.157	24.050
526	164.147	27.652	136.384	24.186
527	164.810	27.817	136.614	24.323
528	165.595	27.983	136.846	24.460
529	166.307	28.149	137.081	24.597
530	167.190	28.316	137.319	24.734
531	167.779	28.484	137.561	24.872
532	168.540	28.653	137.807	25.010
533	169.227	28.822	138.057	25.148
534	169.914	28.992	138.312	25.286
535	170.552	29.162	138.573	25.424
536	171.294	29.334	138.839	25.563
537	172.196	29.506	139.111	25.702
538	172.932	29.679	139.390	25.842
539	173.497	29.852	139.676	25.981
540	174.184	30.026	139.970	26.121
541	174.773	30.201	140.271	26.262
542	175.485	30.377	140.581	26.402
543	176.123	30.553	140.900	26.543
544	176.834	30.730	141.228	26.684
545	177.374	30.907	141.565	26.826
546	177.963	31.085	141.912	26.968
547	178.626	31.264	142.270	27.110
548	179.288	31.443	142.639	27.253
549	180.000	31.623	143.018	27.396
550	180.687	31.803	143.409	27.539
551	181.252	31.985	143.811	27.683
552	181.816	32.167	144.225	27.827
553	182.429	32.349	144.651	27.972
554	183.018	32.532	145.090	28.117
555	183.583	32.716	145.540	28.263
556	184.147	32.900	146.003	28.409
557	184.859	33.085	146.478	28.555
558	185.374	33.270	146.966	28.702
559	185.939	33.456	147.466	28.849
560	186.577	33.642	147.978	28.997
561	187.117	33.830	148.503	29.146
562	187.804	34.017	149.040	29.295
563	188.466	34.206	149.589	29.445
564	188.957	34.395	150.149	29.595
565	189.571	34.584	150.721	29.745
566	190.012	34.774	151.305	29.897
567	190.650	34.965	151.899	30.049
568	191.264	35.156	152.504	30.201
569	191.706	35.348	153.119	30.354
570	192.319	35.540	153.744	30.508
571	192.859	35.733	154.378	30.662
572	193.423	35.927	155.021	30.817
573	194.037	36.121	155.673	30.973
574	194.577	36.315	156.332	31.129
575	195.276	36.511	156.999	31.286
576	195.755	36.706	157.673	31.444
577	196.417	36.903	158.353	31.602
578	197.031	37.100	159.040	31.761
579	197.546	37.297	159.731	31.921
580	197.939	37.495	160.427	32.082
581	198.528	37.694	161.127	32.243
582	199.018	37.893	161.831	32.405
583	199.534	38.092	162.537	32.567
584	200.098	38.292	163.246	32.730
585	200.564	38.493	163.957	32.894
586	201.080	38.694	164.669	33.059
587	201.693	38.896	165.383	33.224
588	202.110	39.098	166.096	33.390
589	202.773	39.301	166.809	33.557
590	203.166	39.504	167.522	33.725
591	203.632	39.707	168.234	33.893
592	204.319	39.912	168.944	34.062
593	204.859	40.117	169.653	34.232
594	205.301	40.322	170.359	34.402
595	205.791	40.528	171.062	34.573
596	206.282	40.734	171.763	34.745
597	206.945	40.941	172.460	34.917
598	207.509	41.148	173.154	35.090
599	208.000	41.356	173.844	35.264
600	208.466	41.565	174.531	35.439
601	208.908	41.774	175.213	35.614
602	209.472	41.983	175.891	35.790
603	209.963	42.193	176.564	35.966
604	210.503	42.404	177.233	36.144
605	210.969	42.615	177.897	36.322
606	211.509	42.826	178.557	36.500
607	211.926	43.038	179.212	36.679
608	212.368	43.250	179.862	36.859
609	212.957	43.463	180.507	37.040
610	213.374	43.677	181.148	37.221
611	213.890	43.891	181.784	37.403
612	214.380	44.105	182.416	37.585
613	214.920	44.320	183.043	37.768
614	215.460	44.535	183.665	37.952
615	215.902	44.751	184.284	38.136
616	216.344	44.968	184.898	38.321
617	216.908	45.185	185.508	38.506
618	217.276	45.402	186.115	38.693
619	217.816	45.620	186.718	38.879
620	218.258	45.838	187.317	39.067
621	218.699	46.057	187.913	39.255
622	219.215	46.276	188.505	39.443
623	219.632	46.496	189.094	39.632
624	220.049	46.716	189.680	39.822
625	220.613	46.936	190.263	40.012
626	221.006	47.157	190.843	40.203
627	221.546	47.379	191.420	40.394
628	221.988	47.601	191.994	40.586
629	222.454	47.823	192.566	40.779
630	222.896	48.046	193.135	40.972
631	223.288	48.269	193.701	41.166
632	223.755	48.493	194.265	41.360
633	224.196	48.717	194.826	41.555
634	224.663	48.942	195.385	41.750
635	225.153	49.167	195.941	41.946
636	225.497	49.393	196.495	42.143
637	225.963	49.619	197.047	42.340
638	144.601	49.763	284.887	42.625
639	145.054	49.908	284.891	42.909
640	145.581	50.054	284.900	43.194
641	145.983	50.200	284.914	43.479
642	146.410	50.346	284.928	43.764
643	146.937	50.493	284.937	44.049
644	147.365	50.641	284.936	44.334
645	147.892	50.788	284.924	44.619
646	148.294	50.937	284.901	44.904
647	148.620	51.085	284.872	45.189
648	149.073	51.234	284.843	45.474
649	149.600	51.384	284.820	45.758
650	150.033	51.534	284.807	46.043
651	150.630	51.685	284.805	46.328
652	151.082	51.836	284.816	46.613
653	151.409	51.987	284.832	46.898
654	151.936	52.139	284.844	47.183
655	152.338	52.291	284.846	47.467
656	152.740	52.444	284.836	47.752
657	153.067	52.597	284.814	48.037
658	153.777	52.751	284.720	48.322
659	154.053	52.905	284.703	48.606
660	154.480	53.060	284.699	48.891
661	154.932	53.214	284.713	49.176
662	155.335	53.370	284.739	49.461
663	155.762	53.526	284.772	49.745
664	156.164	53.682	284.805	50.030
665	156.641	53.838	284.835	50.315
666	157.118	53.995	284.861	50.600
667	157.495	54.153	284.884	50.885
668	157.897	54.311	284.903	51.170
669	158.375	54.469	284.915	51.455
670	158.777	54.628	284.920	51.740
671	159.154	54.787	284.919	52.024
672	159.556	54.947	284.916	52.309
673	160.033	55.107	284.917	52.594
674	160.309	55.267	284.928	52.879
675	160.787	55.428	284.953	53.164
676	161.189	55.589	284.991	53.449
677	161.616	55.751	285.043	53.734
678	161.327	55.912	285.001	54.019
679	161.678	56.074	285.070	54.304
680	162.103	56.236	285.141	54.589
681	162.454	56.398	285.207	54.875
682	162.954	56.561	285.260	55.160
683	163.280	56.724	285.297	55.445
684	163.680	56.888	285.315	55.730
685	164.031	57.052	285.322	56.016
686	164.381	57.217	285.321	56.301
687	164.807	57.381	285.322	56.586
688	165.132	57.547	285.331	56.872
689	165.708	57.712	285.350	57.157
690	165.983	57.878	285.375	57.443
691	166.384	58.045	285.402	57.728
692	166.684	58.211	285.426	58.013
693	167.160	58.378	285.445	58.299
694	167.510	58.546	285.458	58.584
695	167.836	58.714	285.467	58.870
696	168.286	58.882	285.477	59.155
697	168.662	59.051	285.489	59.441
698	166.352	59.217	284.994	59.726
699	166.698	59.384	285.005	60.011
700	167.019	59.551	285.019	60.296
701	167.464	59.718	285.032	60.581
702	167.785	59.886	285.040	60.866
703	168.360	60.054	285.041	61.151
704	168.700	60.223	285.032	61.436
705	168.947	60.392	285.013	61.721
706	169.342	60.561	284.985	62.006
707	169.787	60.731	284.951	62.291
708	170.207	60.901	284.914	62.576
709	170.504	61.072	284.877	62.861
710	170.825	61.243	284.842	63.145
711	171.245	61.414	284.811	63.430
712	171.666	61.586	284.787	63.715
713	172.086	61.758	284.768	64.000
714	172.407	61.930	284.754	64.285
715	172.704	62.103	284.748	64.569
716	173.000	62.276	284.748	64.854
717	173.420	62.449	284.756	65.139
718	173.193	62.622	284.666	65.423
719	173.711	62.796	284.682	65.708
720	173.883	62.970	284.703	65.993
721	173.834	63.144	284.726	66.278
722	173.365	63.317	284.745	66.562
723	172.798	63.490	284.760	66.847
724	172.058	63.662	284.775	67.132
725	171.170	63.833	284.798	67.417
726	170.109	64.003	284.838	67.701
727	169.122	64.172	284.897	67.986
728	168.012	64.341	284.952	68.271
729	167.050	64.508	284.961	68.556
730	165.989	64.674	284.857	68.841
731	164.953	64.838	284.556	69.126
732	164.065	65.003	283.976	69.410
733	163.053	65.166	283.054	69.693
734	162.091	65.328	281.748	69.974
735	161.104	65.489	280.051	70.255
736	160.315	65.649	277.973	70.533
737	159.353	65.808	275.535	70.808
738	158.637	65.967	272.759	71.081
739	157.725	66.125	269.659	71.350
740	156.985	66.282	266.241	71.617
741	156.146	66.438	262.501	71.879
742	155.381	66.593	258.432	72.138
743	154.641	66.748	254.027	72.392
744	153.851	66.902	249.283	72.641
745	153.161	67.055	244.195	72.885
746	152.495	67.207	238.764	73.124
747	151.853	67.359	232.991	73.357
748	151.187	67.511	226.876	73.584
749	150.422	67.661	220.419	73.804
750	149.904	67.811	213.624	74.018
751	149.362	67.960	206.505	74.224
752	148.671	68.109	199.077	74.423
753	148.054	68.257	191.362	74.615
754	147.511	68.404	183.381	74.798
755	146.870	68.551	175.155	74.973
756	146.228	68.698	166.698	75.140
757	145.587	68.843	158.025	75.298
758	145.020	68.988	149.149	75.447
759	144.477	69.133	140.090	75.587
760	143.934	69.277	130.875	75.718
761	143.293	69.420	121.531	75.840
762	142.923	69.563	112.085	75.952
763	142.429	69.705	102.567	76.054
764	141.788	69.847	93.002	76.147
765	141.294	69.988	83.417	76.231
766	140.850	70.129	73.845	76.305
767	140.283	70.269	64.321	76.369
768	139.888	70.409	54.885	76.424
769	139.469	70.549	45.575	76.469
770	138.926	70.688	36.423	76.506
771	138.433	70.826	27.454	76.533
772	137.890	70.964	18.692	76.552
773	137.545	71.102	10.160	76.562
774	137.002	71.239	1.880	76.564
775	136.533	71.375	-6.122	76.558
776	136.064	71.511	-13.818	76.544
777	135.596	71.647	-21.180	76.523
778	135.250	71.782	-28.185	76.495
779	134.732	71.917	-34.813	76.460
780	134.362	72.051	-41.050	76.419
781	133.844	72.185	-46.883	76.372
782	133.351	72.318	-52.302	76.320
783	133.030	72.451	-57.296	76.262
784	132.537	72.584	-61.855	76.200
785	132.093	72.716	-65.973	76.135
786	131.624	72.848	-69.643	76.065
787	131.229	72.979	-72.867	75.992
788	130.834	73.110	-75.644	75.916
789	130.341	73.240	-77.980	75.838
790	130.070	73.370	-79.878	75.758
791	129.478	73.500	-81.344	75.677
792	129.033	73.629	-82.387	75.595
793	128.589	73.757	-83.016	75.512
794	128.293	73.885	-83.247	75.428
795	127.899	74.013	-83.096	75.345
796	127.553	74.141	-82.577	75.263
797	127.109	74.268	-81.715	75.181
798	126.690	74.395	-80.529	75.101
799	126.172	74.521	-79.044	75.022
800	125.826	74.647	-77.279	74.944
801	125.432	74.772	-75.256	74.869
802	125.062	74.897	-72.992	74.796
803	124.766	75.022	-70.503	74.725
804	124.174	75.146	-67.812	74.658
805	123.976	75.270	-64.943	74.593
806	123.631	75.394	-61.923	74.531
807	123.236	75.517	-58.782	74.472
808	122.693	75.640	-55.554	74.416
809	122.249	75.762	-52.265	74.364
810	121.879	75.884	-48.935	74.315
811	121.484	76.005	-45.578	74.270
812	121.040	76.126	-42.206	74.228
813	120.744	76.247	-38.832	74.189
814	120.276	76.367	-35.475	74.153
815	119.881	76.487	-32.159	74.121
816	119.486	76.607	-28.914	74.092
817	119.240	76.726	-25.765	74.066
818	118.672	76.845	-22.732	74.044
819	118.475	76.963	-19.821	74.024
820	118.080	77.081	-17.029	74.007
821	117.685	77.199	-14.353	73.992
822	117.143	77.316	-11.802	73.981
823	116.822	77.433	-9.398	73.971
824	116.526	77.549	-7.182	73.964
825	116.230	77.666	-5.203	73.959
826	115.909	77.782	-3.511	73.955
827	115.514	77.897	-2.141	73.953
828	115.120	78.012	-1.101	73.952
829	114.651	78.127	-0.368	73.952
830	114.330	78.241	0.108	73.952
831	114.034	78.355	0.390	73.952
832	113.763	78.469	0.545	73.953
833	113.417	78.582	0.627	73.953
834	113.023	78.695	0.673	73.954
835	112.702	78.808	0.699	73.955
836	112.387	78.920	0.707	73.955
837	111.937	79.032	0.697	73.956
838	111.691	79.144	0.668	73.957
839	111.222	79.255	0.626	73.957
840	110.901	79.366	0.583	73.958
841	110.506	79.477	0.546	73.959
842	110.136	79.587	0.524	73.959
843	109.914	79.697	0.515	73.960
844	109.618	79.806	0.509	73.960
845	109.248	79.916	0.496	73.961
846	108.927	80.025	0.469	73.961
847	108.607	80.133	0.425	73.962
848	108.286	80.241	0.370	73.962
849	107.873	80.349	0.313	73.962
850	107.447	80.457	0.262	73.962
851	107.127	80.564	0.228	73.963
852	106.831	80.671	0.215	73.963
853	106.436	80.777	0.226	73.963
854	106.115	80.883	0.256	73.963
855	105.720	80.989	0.299	73.964
856	105.326	81.094	-0.035	73.964
857	104.981	81.199	-0.003	73.964
858	104.685	81.304	0.007	73.964
859	104.340	81.408	-0.008	73.964
860	103.995	81.512	-0.045	73.964
861	103.773	81.616	-0.094	73.964
862	103.409	81.719	-0.142	73.963
863	103.008	81.823	-0.177	73.963
864	102.762	81.925	-0.190	73.963
865	102.417	82.028	-0.180	73.963
866	102.121	82.130	-0.149	73.963
867	101.801	82.232	-0.105	73.963
868	101.480	82.333	-0.053	73.963
869	101.135	82.434	0.001	73.963
870	100.938	82.535	0.055	73.963
871	100.593	82.636	0.110	73.963
872	100.248	82.736	0.165	73.963
873	99.976	82.836	0.219	73.963
874	99.656	82.936	0.272	73.963
875	99.323	83.035	0.320	73.964
876	98.990	83.134	0.363	73.964
877	98.694	83.233	0.403	73.964
878	98.349	83.331	0.443	73.965
879	98.102	83.429	0.488	73.965
880	97.831	83.527	0.540	73.966
881	97.535	83.624	0.598	73.966
882	97.067	83.722	0.657	73.967
883	96.820	83.818	0.712	73.968
884	96.574	83.915	0.760	73.969
885	96.327	84.011	0.800	73.969
886	95.958	84.107	0.834	73.970
887	95.686	84.203	0.863	73.971
888	95.311	84.298	0.888	73.972
889	94.996	84.393	0.912	73.973
890	94.676	84.488	0.938	73.974
891	94.528	84.582	0.965	73.975
892	94.183	84.677	0.991	73.976
893	93.714	84.770	1.014	73.977
894	93.517	84.864	1.028	73.978
895	93.246	84.957	1.036	73.979
896	92.903	85.050	0.684	73.980
897	92.533	85.142	0.686	73.980
898	92.312	85.235	0.691	73.981
899	92.016	85.327	0.696	73.982
900	91.672	85.418	0.699	73.982
901	91.462	85.510	0.697	73.983
902	91.081	85.601	0.686	73.984
903	90.810	85.692	0.668	73.984
904	90.589	85.782	0.647	73.985
905	90.293	85.873	0.633	73.986
906	89.948	85.963	0.633	73.986
907	89.825	86.053	0.649	73.987
908	89.431	86.142	0.676	73.988
909	89.259	86.231	0.702	73.988
910	88.964	86.320	0.714	73.989
911	88.644	86.409	0.703	73.990
912	88.447	86.497	0.670	73.990
913	88.151	86.585	0.621	73.991
914	87.807	86.673	0.568	73.992
915	87.437	86.761	0.520	73.992
916	87.067	86.848	0.265	73.992
917	86.969	86.935	0.245	73.993
918	86.600	87.021	0.243	73.993
919	86.379	87.108	0.253	73.993
920	86.108	87.194	0.270	73.993
921	85.813	87.280	0.287	73.994
922	85.542	87.365	0.294	73.994
923	85.272	87.450	0.288	73.994
924	85.050	87.535	0.271	73.995
925	84.829	87.620	0.248	73.995
926	84.435	87.705	0.228	73.995
927	84.164	87.789	0.221	73.995
928	83.968	87.873	0.231	73.995
929	83.672	87.957	0.257	73.996
930	83.476	88.040	0.290	73.996
931	83.180	88.123	0.320	73.996
932	83.057	88.206	0.340	73.997
933	82.590	88.289	0.347	73.997
934	82.393	88.371	0.345	73.997
935	82.172	88.453	0.344	73.998
936	81.944	88.535	0.285	73.998
937	81.698	88.617	0.305	73.998
938	81.476	88.698	0.335	73.999
939	81.083	88.780	0.367	73.999
940	80.904	88.860	0.391	73.999
941	80.665	88.941	0.402	74.000
942	80.320	89.021	0.398	74.000
943	80.148	89.102	0.386	74.001
944	79.951	89.182	0.375	74.001
945	79.681	89.261	0.372	74.001
946	79.361	89.341	0.383	74.002
947	79.140	89.420	0.409	74.002
948	78.845	89.499	0.445	74.003
949	78.697	89.577	0.484	74.003
950	78.451	89.656	0.518	74.004
951	78.230	89.734	0.541	74.004
952	78.033	89.812	0.549	74.005
953	77.676	89.890	0.543	74.005
954	77.467	89.967	0.523	74.006
955	77.172	90.044	0.497	74.006
956	76.828	90.121	0.469	74.007
957	76.705	90.198	0.450	74.007
958	76.434	90.274	0.447	74.008
959	76.262	90.351	0.462	74.008
960	75.967	90.427	0.493	74.009
961	75.622	90.502	0.530	74.009
962	75.573	90.578	0.562	74.010
963	75.303	90.653	0.584	74.010
964	75.155	90.728	0.589	74.011
965	74.786	90.803	0.580	74.011
966	74.559	90.878	0.561	74.012
967	74.319	90.952	0.539	74.012
968	74.220	91.026	0.520	74.013
969	74.024	91.100	0.508	74.014
970	73.704	91.174	0.502	74.014
971	73.458	91.247	0.502	74.015
972	73.138	91.320	0.504	74.015
973	73.064	91.393	0.508	74.016
974	72.695	91.466	0.514	74.016
975	72.548	91.539	0.522	74.017
976	72.425	91.611	0.531	74.017
977	72.007	91.683	0.535	74.018
978	71.884	91.755	0.531	74.018
979	71.644	91.827	0.520	74.019
980	71.343	91.898	0.501	74.019
981	71.121	91.969	0.477	74.020
982	70.974	92.040	0.452	74.020
983	70.777	92.111	0.430	74.021
984	70.457	92.181	0.411	74.021
985	70.211	92.252	0.394	74.021
986	70.014	92.322	0.379	74.022
987	69.965	92.392	0.363	74.022
988	69.695	92.461	0.344	74.022
989	69.375	92.531	0.319	74.023
990	69.252	92.600	0.289	74.023
991	69.080	92.669	0.256	74.023
992	68.821	92.738	0.222	74.024
993	68.539	92.806	0.186	74.024
994	68.342	92.875	0.150	74.024
995	68.096	92.943	0.118	74.024
996	67.924	93.011	0.095	74.024
997	67.678	93.078	0.083	74.024
998	67.579	93.146	0.085	74.024
999	67.309	93.213	0.096	74.024
1000	67.112	93.280	0.112	74.024
1001	66.866	93.347	0.124	74.025
1002	66.718	93.414	0.127	74.025
1003	66.497	93.480	0.118	74.025
1004	66.325	93.547	0.099	74.025
1005	66.128	93.613	0.074	74.025
1006	65.833	93.679	0.048	74.025
1007	65.685	93.744	0.026	74.025
1008	65.439	93.810	0.014	74.025
1009	65.267	93.875	0.012	74.025
1010	64.972	93.940	0.021	74.025
1011	64.898	94.005	0.036	74.025
1012	64.628	94.070	0.056	74.025
1013	64.382	94.134	0.079	74.025
1014	64.234	94.198	0.098	74.025
1015	64.136	94.262	0.110	74.025
1016	63.890	94.326	0.108	74.026
1017	63.668	94.390	0.092	74.026
1018	63.342	94.453	0.063	74.026
1019	63.152	94.516	0.030	74.026
1020	62.980	94.579	0.004	74.026
1021	62.807	94.642	-0.007	74.026
1022	62.709	94.705	0.000	74.026
1023	62.488	94.767	0.022	74.026
1024	62.316	94.830	0.050	74.026
1025	62.094	94.892	0.072	74.026
1026	61.873	94.954	0.080	74.026
1027	61.676	95.015	0.072	74.026
1028	61.504	95.077	0.051	74.026
1029	61.405	95.138	0.028	74.026
1030	61.307	95.200	0.013	74.026
1031	60.944	95.260	0.012	74.026
1032	60.791	95.321	0.024	74.026
1033	60.569	95.382	0.045	74.026
1034	60.422	95.442	0.069	74.026
1035	60.225	95.502	0.091	74.026
1036	60.003	95.562	0.112	74.027
1037	59.856	95.622	0.135	74.027
1038	59.684	95.682	0.163	74.027
1039	59.585	95.742	0.198	74.027
1040	59.315	95.801	0.235	74.027
1041	59.118	95.860	0.268	74.028
1042	58.946	95.919	0.290	74.028
1043	58.749	95.978	0.301	74.028
1044	58.601	96.036	0.304	74.028
1045	58.380	96.095	0.309	74.029
1046	58.134	96.153	0.320	74.029
1047	57.987	96.211	0.341	74.029
1048	57.814	96.269	0.370	74.030
1049	57.568	96.326	0.402	74.030
1050	57.396	96.384	0.429	74.031
1051	57.224	96.441	0.451	74.031
1052	57.150	96.498	0.469	74.032
1053	56.880	96.555	0.488	74.032
1054	56.732	96.612	0.507	74.033
1055	56.535	96.668	0.523	74.033
1056	56.314	96.724	0.529	74.034
1057	56.185	96.781	0.523	74.034
1058	56.068	96.837	0.505	74.035
1059	55.847	96.893	0.479	74.035
1060	55.674	96.948	0.451	74.036
1061	55.502	97.004	0.429	74.036
1062	55.379	97.059	0.416	74.036
1063	55.133	97.114	0.413	74.037
1064	55.010	97.169	0.415	74.037
1065	54.838	97.224	0.420	74.038
1066	54.740	97.279	0.425	74.038
1067	54.494	97.333	0.428	74.038
1068	54.322	97.388	0.429	74.039
1069	54.149	97.442	0.429	74.039
1070	53.971	97.496	0.428	74.040
1071	53.805	97.550	0.429	74.040
1072	53.682	97.603	0.430	74.041
1073	53.608	97.657	0.430	74.041
1074	53.362	97.710	0.425	74.041
1075	53.141	97.763	0.413	74.042
1076	53.043	97.816	0.392	74.042
1077	52.846	97.869	0.367	74.043
1078	52.674	97.922	0.340	74.043
1079	52.501	97.974	0.316	74.043
1080	52.379	98.027	0.299	74.044
1081	52.083	98.079	0.290	74.044
1082	52.034	98.131	0.286	74.044
1083	51.868	98.183	0.282	74.044
1084	51.616	98.234	0.271	74.045
1085	51.444	98.286	0.255	74.045
1086	51.247	98.337	0.234	74.045
1087	51.124	98.388	0.211	74.045
1088	51.001	98.439	0.192	74.046
1089	50.878	98.490	0.177	74.046
1090	50.657	98.541	0.167	74.046
1091	50.534	98.591	0.160	74.046
1092	50.288	98.642	0.152	74.046
1093	50.239	98.692	0.139	74.046
1094	50.116	98.742	0.120	74.047
1095	49.943	98.792	0.092	74.047
1096	49.802	98.842	0.058	74.047
1097	49.501	98.891	0.019	74.047
1098	49.402	98.941	-0.020	74.047
1099	49.353	98.990	-0.053	74.047
1100	49.206	99.039	-0.077	74.047
1101	49.009	99.088	-0.090	74.046
1102	48.837	99.137	-0.095	74.046
1103	48.615	99.186	-0.098	74.046
1104	48.541	99.234	-0.100	74.046
1105	48.394	99.283	-0.103	74.046
1106	48.271	99.331	-0.107	74.046
1107	48.074	99.379	-0.112	74.046
1108	48.074	99.427	-0.120	74.046
1109	47.791	99.475	-0.128	74.046
1110	47.681	99.522	-0.140	74.045
1111	47.410	99.570	-0.157	74.045
1112	47.385	99.617	-0.179	74.045
1113	47.287	99.665	-0.201	74.045
1114	47.016	99.712	-0.219	74.045
1115	46.893	99.758	-0.227	74.044
1116	46.820	99.805	-0.220	74.044
1117	46.721	99.852	-0.202	74.044
1118	46.500	99.898	-0.180	74.044
1119	46.451	99.945	-0.164	74.044
1120	46.156	99.991	-0.161	74.044
1121	46.008	100.037	-0.174	74.043
1122	45.799	100.083	-0.194	74.043
1123	45.688	100.129	-0.210	74.043
1124	45.639	100.174	-0.210	74.043
1125	45.541	100.220	-0.187	74.043
1126	45.245	100.265	-0.147	74.042
1127	45.196	100.310	-0.101	74.042
1128	44.950	100.355	-0.064	74.042
1129	44.926	100.400	-0.043	74.042
1130	44.754	100.445	-0.039	74.042
1131	44.631	100.489	-0.044	74.042
1132	44.434	100.534	-0.047	74.042
1133	44.385	100.578	-0.040	74.042
1134	44.163	100.622	-0.024	74.042
1135	44.120	100.667	-0.005	74.042
1136	43.917	100.710	0.009	74.042
1137	43.819	100.754	0.011	74.042
1138	43.696	100.798	0.005	74.042
1139	43.597	100.842	-0.004	74.042
1140	43.425	100.885	-0.006	74.042
1141	43.302	100.928	0.001	74.042
1142	43.179	100.971	0.017	74.042
1143	43.032	101.015	0.037	74.042
1144	42.933	101.057	0.057	74.042
1145	42.786	101.100	0.072	74.042
1146	42.663	101.143	0.082	74.042
1147	42.540	101.185	0.090	74.042
1148	42.349	101.228	0.098	74.042
1149	42.195	101.270	0.103	74.043
1150	42.097	101.312	0.107	74.043
1151	41.950	101.354	0.111	74.043
1152	41.827	101.396	0.117	74.043
1153	41.654	101.438	0.129	74.043
1154	41.581	101.479	0.146	74.043
1155	41.359	101.520	0.168	74.043
1156	41.285	101.562	0.190	74.044
1157	41.138	101.603	0.210	74.044
1158	41.039	101.644	0.224	74.044
1159	40.916	101.685	0.232	74.044
1160	40.695	101.726	0.235	74.044
1161	40.597	101.766	0.238	74.045
1162	40.547	101.807	0.243	74.045
1163	40.375	101.847	0.249	74.045
1164	40.228	101.887	0.255	74.045
1165	40.031	101.927	0.261	74.046
1166	39.982	101.967	0.265	74.046
1167	39.883	102.007	0.268	74.046
1168	39.810	102.047	0.270	74.046
1169	39.662	102.087	0.271	74.047
1170	39.613	102.126	0.266	74.047
1171	39.318	102.166	0.253	74.047
1172	39.268	102.205	0.232	74.048
1173	39.121	102.244	0.206	74.048
1174	39.047	102.283	0.183	74.048
1175	38.949	102.322	0.168	74.048
1176	38.850	102.361	0.166	74.048
1177	38.727	102.400	0.173	74.048
1178	38.580	102.438	0.181	74.049
1179	38.506	102.477	0.183	74.049
1180	38.309	102.515	0.171	74.049
1181	38.186	102.553	0.147	74.049
1182	38.088	102.591	0.117	74.049
1183	37.965	102.629	0.091	74.049
1184	37.793	102.667	0.073	74.049
1185	37.768	102.705	0.066	74.049
1186	37.620	102.742	0.063	74.050
1187	37.461	102.780	0.057	74.050
1188	37.350	102.817	0.042	74.050
1189	37.276	102.854	0.019	74.050
1190	37.153	102.892	-0.007	74.050
1191	37.055	102.929	-0.030	74.050
1192	36.809	102.965	-0.047	74.050
1193	36.760	103.002	-0.057	74.049
1194	36.686	103.039	-0.057	74.049
1195	36.587	103.075	-0.050	74.049
1196	36.391	103.112	-0.041	74.049
1197	36.317	103.148	-0.032	74.049
1198	36.194	103.184	-0.027	74.049
1199	36.071	103.220	-0.027	74.049
1200	35.948	103.256	-0.031	74.049
1201	35.874	103.292	-0.038	74.049
1202	35.604	103.328	-0.044	74.049
1203	35.653	103.364	-0.049	74.049
1204	35.456	103.399	-0.053	74.049
1205	35.407	103.434	-0.057	74.049
1206	35.284	103.470	-0.063	74.049
1207	35.112	103.505	-0.072	74.049
1208	35.062	103.540	-0.084	74.049
1209	34.989	103.575	-0.096	74.049
1210	34.890	103.610	-0.108	74.049
1211	34.915	103.645	-0.118	74.048
1212	34.693	103.679	-0.128	74.048
1213	34.491	103.714	-0.141	74.048
1214	34.398	103.748	-0.160	74.048
1215	34.275	103.782	-0.184	74.048
1216	34.128	103.817	-0.205	74.048
1217	34.177	103.851	-0.215	74.047
1218	33.956	103.885	-0.208	74.047
1219	33.906	103.919	-0.186	74.047
1220	33.808	103.952	-0.158	74.047
1221	33.734	103.986	-0.136	74.047
1222	33.611	104.020	-0.134	74.047
1223	33.562	104.053	-0.155	74.046
1224	33.390	104.087	-0.197	74.046
1225	33.316	104.120	-0.248	74.046
1226	33.144	104.153	-0.294	74.046
1227	33.045	104.186	-0.322	74.045
1228	33.021	104.219	-0.327	74.045
1229	32.849	104.252	-0.314	74.045
1230	32.726	104.285	-0.290	74.044
1231	32.627	104.317	-0.265	74.044
1232	32.455	104.350	-0.246	74.044
1233	32.406	104.382	-0.236	74.044
1234	32.357	104.415	-0.230	74.043
1235	32.160	104.447	-0.227	74.043
1236	32.111	104.479	-0.225	74.043
1237	31.988	104.511	-0.223	74.043
1238	31.963	104.543	-0.222	74.043
1239	31.889	104.575	-0.223	74.042
1240	31.742	104.607	-0.225	74.042
1241	31.643	104.638	-0.230	74.042
1242	31.570	104.670	-0.234	74.042
1243	31.422	104.701	-0.237	74.041
1244	31.398	104.733	-0.238	74.041
1245	31.275	104.764	-0.235	74.041
1246	31.152	104.795	-0.226	74.041
1247	31.176	104.826	-0.212	74.041
1248	30.930	104.857	-0.196	74.040
1249	31.029	104.888	-0.182	74.040
1250	30.783	104.919	-0.171	74.040
1251	30.684	104.950	-0.167	74.040
1252	30.598	104.980	-0.169	74.040
1253	30.537	105.011	-0.172	74.039
1254	30.364	105.041	-0.173	74.039
1255	30.217	105.071	-0.168	74.039
1256	30.217	105.102	-0.155	74.039
1257	30.118	105.132	-0.135	74.039
1258	30.020	105.162	-0.113	74.039
1259	29.873	105.192	-0.093	74.039
1260	29.799	105.221	-0.078	74.039
1261	29.725	105.251	-0.070	74.038
1262	29.602	105.281	-0.066	74.038
1263	29.479	105.310	-0.065	74.038
1264	29.430	105.340	-0.063	74.038
1265	29.325	105.369	-0.059	74.038
1266	29.258	105.398	-0.055	74.038
1267	29.135	105.427	-0.051	74.038
1268	29.110	105.456	-0.047	74.038
1269	29.036	105.485	-0.041	74.038
1270	28.938	105.514	-0.033	74.038
1271	28.790	105.543	-0.023	74.038
1272	28.667	105.572	-0.011	74.038
1273	28.692	105.601	-0.001	74.038
1274	28.569	105.629	0.007	74.038
1275	28.446	105.658	0.011	74.038
1276	28.274	105.686	0.015	74.038
1277	28.274	105.714	0.020	74.038
1278	28.237	105.742	0.030	74.038
1279	28.028	105.770	0.044	74.038
1280	27.954	105.798	0.061	74.038
1281	27.954	105.826	0.076	74.038
1282	27.880	105.854	0.082	74.038
1283	27.683	105.882	0.075	74.038
1284	27.708	105.910	0.057	74.038
1285	27.634	105.937	0.031	74.038
1286	27.437	105.965	0.002	74.038
1287	27.314	105.992	-0.025	74.038
1288	27.314	106.019	-0.046	74.038
1289	27.241	106.047	-0.059	74.038
1290	27.142	106.074	-0.064	74.038
1291	26.982	106.101	-0.065	74.038
1292	26.872	106.128	-0.065	74.038
1293	26.823	106.154	-0.068	74.038
1294	26.650	106.181	-0.077	74.038
1295	26.626	106.208	-0.093	74.038
1296	26.552	106.234	-0.111	74.038
1297	26.527	106.261	-0.131	74.038
1298	26.552	106.287	-0.150	74.038
1299	26.355	106.314	-0.172	74.037
1300	26.404	106.340	-0.198	74.037
1301	26.232	106.366	-0.232	74.037
1302	26.085	106.392	-0.275	74.037
1303	25.962	106.418	-0.323	74.036
1304	26.023	106.444	-0.365	74.036
1305	25.814	106.470	-0.394	74.036
1306	25.814	106.496	-0.405	74.035
1307	25.617	106.522	-0.400	74.035
1308	25.544	106.547	-0.385	74.034
1309	25.494	106.573	-0.371	74.034
1310	25.445	106.598	-0.362	74.034
1311	25.371	106.623	-0.360	74.033
1312	25.298	106.649	-0.360	74.033
1313	25.150	106.674	-0.362	74.033
1314	25.076	106.699	-0.366	74.032
1315	25.076	106.724	-0.376	74.032
1316	24.978	106.749	-0.393	74.031
1317	24.824	106.774	-0.422	74.031
1318	24.855	106.799	-0.459	74.031
1319	24.584	106.823	-0.498	74.030
1320	24.584	106.848	-0.531	74.029
1321	24.609	106.872	-0.550	74.029
1322	24.510	106.897	-0.554	74.028
1323	24.387	106.921	-0.546	74.028
1324	24.264	106.946	-0.534	74.027
1325	24.191	106.970	-0.527	74.027
1326	24.191	106.994	-0.528	74.026
1327	24.043	107.018	-0.538	74.026
1328	23.994	107.042	-0.555	74.025
1329	23.969	107.066	-0.574	74.025
1330	23.920	107.090	-0.594	74.024
1331	23.748	107.114	-0.615	74.023
1332	23.748	107.137	-0.637	74.023
1333	23.650	107.161	-0.660	74.022
1334	23.551	107.185	-0.685	74.021
1335	23.527	107.208	-0.710	74.021
1336	23.502	107.232	-0.732	74.020
1337	23.354	107.255	-0.748	74.019
1338	23.379	107.278	-0.755	74.018
1339	23.281	107.302	-0.753	74.018
1340	23.158	107.325	-0.743	74.017
1341	23.108	107.348	-0.728	74.016
1342	22.936	107.371	-0.712	74.016
1343	22.924	107.394	-0.694	74.015
1344	22.813	107.417	-0.674	74.014
1345	22.789	107.439	-0.650	74.013
1346	22.641	107.462	-0.624	74.013
1347	22.617	107.485	-0.598	74.012
1348	22.518	107.507	-0.572	74.012
1349	22.592	107.530	-0.550	74.011
1350	22.469	107.552	-0.532	74.011
1351	22.395	107.575	-0.521	74.010
1352	22.371	107.597	-0.514	74.010
1353	22.223	107.619	-0.512	74.009
1354	22.075	107.641	-0.516	74.009
1355	22.051	107.663	-0.521	74.008
1356	21.983	107.685	-0.522	74.008
1357	22.026	107.707	-0.513	74.007
1358	21.854	107.729	-0.495	74.007
1359	21.657	107.751	-0.468	74.006
1360	21.633	107.772	-0.437	74.006
1361	21.657	107.794	-0.407	74.005
1362	21.682	107.816	-0.381	74.005
1363	21.436	107.837	-0.363	74.004
1364	21.411	107.859	-0.353	74.004
1365	21.460	107.880	-0.349	74.004
1366	21.337	107.901	-0.348	74.003
1367	21.215	107.923	-0.348	74.003
1368	21.141	107.944	-0.344	74.003
1369	21.153	107.965	-0.335	74.002
1370	20.993	107.986	-0.318	74.002
1371	21.042	108.007	-0.293	74.002
1372	20.895	108.028	-0.261	74.002
1373	20.821	108.049	-0.228	74.001
1374	20.796	108.070	-0.198	74.001
1375	20.600	108.090	-0.176	74.001
1376	20.575	108.111	-0.163	74.001
1377	20.550	108.131	-0.159	74.001
1378	20.452	108.152	-0.158	74.000
1379	20.304	108.172	-0.159	74.000
1380	20.378	108.192	-0.159	74.000
1381	20.378	108.213	-0.160	74.000
1382	20.286	108.233	-0.165	74.000
1383	20.157	108.253	-0.176	74.000
1384	20.157	108.273	-0.192	73.999
1385	20.034	108.293	-0.211	73.999
1386	20.108	108.313	-0.231	73.999
1387	19.837	108.333	-0.250	73.999
1388	19.911	108.353	-0.264	73.998
1389	19.788	108.373	-0.272	73.998
1390	19.690	108.393	-0.276	73.998
1391	19.739	108.412	-0.276	73.998
1392	19.616	108.432	-0.276	73.997
1393	19.493	108.452	-0.280	73.997
1394	19.493	108.471	-0.294	73.997
1395	19.382	108.490	-0.317	73.996
1396	19.370	108.510	-0.349	73.996
1397	19.370	108.529	-0.385	73.996
1398	19.198	108.548	-0.418	73.995
1399	19.025	108.567	-0.439	73.995
1400	19.099	108.587	-0.444	73.994
1401	19.148	108.606	-0.433	73.994
1402	19.025	108.625	-0.413	73.994
1403	19.001	108.644	-0.394	73.993
1404	18.878	108.663	-0.386	73.993
1405	18.878	108.681	-0.395	73.992
1406	18.829	108.700	-0.420	73.992
1407	18.779	108.719	-0.457	73.992
1408	18.755	108.738	-0.496	73.991
1409	18.632	108.756	-0.529	73.991
1410	18.558	108.775	-0.551	73.990
1411	18.410	108.793	-0.558	73.989
1412	18.361	108.812	-0.554	73.989
1413	18.361	108.830	-0.538	73.988
1414	18.263	108.848	-0.514	73.988
1415	18.287	108.867	-0.485	73.987
1416	18.165	108.885	-0.456	73.987
1417	18.091	108.903	-0.430	73.986
1418	17.894	108.921	-0.415	73.986
1419	17.919	108.939	-0.411	73.986
1420	17.992	108.957	-0.416	73.985
1421	17.906	108.975	-0.425	73.985
1422	17.820	108.992	-0.433	73.984
1423	17.796	109.010	-0.436	73.984
1424	17.796	109.028	-0.434	73.983
1425	17.648	109.046	-0.430	73.983
1426	17.550	109.063	-0.430	73.983
1427	17.377	109.081	-0.433	73.982
1428	17.451	109.098	-0.437	73.982
1429	17.500	109.116	-0.433	73.981
1430	17.377	109.133	-0.418	73.981
1431	17.328	109.150	-0.392	73.980
1432	17.254	109.168	-0.360	73.980
1433	17.205	109.185	-0.333	73.980
1434	17.131	109.202	-0.318	73.979
1435	17.082	109.219	-0.319	73.979
1436	17.008	109.236	-0.330	73.979
1437	16.959	109.253	-0.342	73.978
1438	16.885	109.270	-0.346	73.978
1439	16.959	109.287	-0.336	73.978
1440	16.812	109.304	-0.314	73.977
1441	16.738	109.320	-0.292	73.977
1442	16.738	109.337	-0.278	73.977
1443	16.640	109.354	-0.278	73.977
1444	16.615	109.370	-0.293	73.976
1445	16.517	109.387	-0.320	73.976
1446	16.517	109.403	-0.353	73.976
1447	16.449	109.420	-0.383	73.975
1448	16.418	109.436	-0.407	73.975
1449	16.320	109.453	-0.425	73.974
1450	16.320	109.469	-0.436	73.974
1451	16.221	109.485	-0.439	73.974
1452	16.098	109.501	-0.437	73.973
1453	16.123	109.517	-0.430	73.973
1454	16.123	109.533	-0.422	73.972
1455	16.025	109.549	-0.420	73.972
1456	15.975	109.565	-0.424	73.971
1457	16.025	109.581	-0.437	73.971
1458	15.877	109.597	-0.458	73.971
1459	15.828	109.613	-0.489	73.970
1460	15.766	109.629	-0.522	73.970
1461	15.680	109.645	-0.554	73.969
1462	15.656	109.660	-0.580	73.968
1463	15.533	109.676	-0.597	73.968
1464	15.483	109.691	-0.602	73.967
1465	15.508	109.707	-0.596	73.967
1466	15.459	109.722	-0.582	73.966
1467	15.434	109.738	-0.566	73.965
1468	15.360	109.753	-0.555	73.965
1469	15.213	109.768	-0.556	73.964
1470	15.336	109.784	-0.570	73.964
1471	15.287	109.799	-0.593	73.963
1472	15.287	109.814	-0.620	73.963
1473	15.158	109.829	-0.642	73.962
1474	15.090	109.844	-0.658	73.961
1475	14.992	109.859	-0.666	73.961
1476	15.016	109.874	-0.667	73.960
1477	14.992	109.889	-0.666	73.959
1478	14.942	109.904	-0.665	73.959
1479	14.992	109.919	-0.664	73.958
1480	14.819	109.934	-0.660	73.957
1481	14.746	109.949	-0.655	73.957
1482	14.770	109.964	-0.646	73.956
1483	14.746	109.978	-0.629	73.955
1484	14.623	109.993	-0.605	73.955
1485	14.573	110.008	-0.574	73.954
1486	14.567	110.022	-0.536	73.954
1487	14.401	110.037	-0.496	73.953
1488	14.475	110.051	-0.456	73.953
1489	14.327	110.065	-0.422	73.952
1490	14.303	110.080	-0.396	73.952
1491	14.303	110.094	-0.377	73.951
1492	14.106	110.108	-0.365	73.951
1493	14.131	110.122	-0.357	73.951
1494	14.180	110.136	-0.349	73.950
1495	14.155	110.151	-0.340	73.950
1496	14.155	110.165	-0.331	73.950
1497	14.057	110.179	-0.326	73.949
1498	14.008	110.193	-0.325	73.949
1499	13.848	110.207	-0.331	73.949
1500	13.860	110.220	-0.341	73.948
1501	13.762	110.234	-0.350	73.948
1502	13.713	110.248	-0.349	73.948
1503	13.762	110.262	-0.333	73.947
1504	13.688	110.275	-0.302	73.947
1505	13.713	110.289	-0.260	73.947
1506	13.614	110.303	-0.218	73.947
1507	13.590	110.316	-0.186	73.946
1508	13.614	110.330	-0.171	73.946
1509	13.417	110.343	-0.172	73.946
1510	13.540	110.357	-0.184	73.946
1511	13.442	110.370	-0.200	73.946
1512	13.331	110.384	-0.215	73.945
1513	13.368	110.397	-0.227	73.945
1514	13.171	110.410	-0.237	73.945
1515	13.147	110.423	-0.245	73.945
1516	13.147	110.436	-0.251	73.945
1517	13.196	110.450	-0.255	73.944
1518	13.024	110.463	-0.256	73.944
1519	13.196	110.476	-0.259	73.944
1520	12.999	110.489	-0.267	73.943
1521	12.901	110.502	-0.286	73.943
1522	12.876	110.515	-0.315	73.943
1523	13.024	110.528	-0.344	73.943
1524	12.925	110.541	-0.363	73.942
1525	12.852	110.553	-0.369	73.942
1526	12.753	110.566	-0.362	73.941
1527	12.630	110.579	-0.353	73.941
1528	12.704	110.592	-0.349	73.941
1529	12.630	110.604	-0.357	73.940
1530	12.581	110.617	-0.374	73.940
1531	12.483	110.629	-0.392	73.940
1532	12.556	110.642	-0.404	73.939
1533	12.433	110.654	-0.403	73.939
1534	12.433	110.667	-0.395	73.938
1535	12.409	110.679	-0.387	73.938
1536	12.360	110.691	-0.390	73.938
1537	12.335	110.704	-0.406	73.937
1538	12.206	110.716	-0.435	73.937
1539	12.261	110.728	-0.467	73.936
1540	12.163	110.740	-0.494	73.936
1541	12.089	110.753	-0.510	73.935
1542	12.089	110.765	-0.514	73.935
1543	12.114	110.777	-0.509	73.934
1544	12.138	110.789	-0.502	73.934
1545	11.991	110.801	-0.501	73.933
1546	11.917	110.813	-0.507	73.933
1547	11.917	110.825	-0.521	73.932
1548	11.917	110.837	-0.539	73.932
1549	11.794	110.848	-0.556	73.931
1550	11.769	110.860	-0.567	73.931
1551	11.763	110.872	-0.570	73.930
1552	11.696	110.884	-0.565	73.929
1553	11.597	110.895	-0.558	73.929
1554	11.622	110.907	-0.554	73.928
1555	11.548	110.918	-0.557	73.928
1556	11.597	110.930	-0.564	73.927
1557	11.548	110.942	-0.573	73.927
1558	11.450	110.953	-0.580	73.926
1559	11.474	110.964	-0.585	73.926
1560	11.425	110.976	-0.587	73.925
1561	11.376	110.987	-0.590	73.924
1562	11.351	110.999	-0.597	73.924
1563	11.351	111.010	-0.611	73.923
1564	11.265	111.021	-0.631	73.922
1565	11.302	111.033	-0.653	73.922
1566	11.204	111.044	-0.672	73.921
1567	11.228	111.055	-0.684	73.920
1568	11.179	111.066	-0.688	73.920
1569	10.982	111.077	-0.686	73.919
1570	11.056	111.088	-0.679	73.918
1571	11.105	111.099	-0.665	73.918
1572	11.031	111.110	-0.644	73.917
1573	11.105	111.121	-0.618	73.916
1574	10.958	111.132	-0.589	73.916
1575	10.884	111.143	-0.565	73.915
1576	10.909	111.154	-0.551	73.915
1577	10.841	111.165	-0.548	73.914
1578	10.712	111.176	-0.551	73.914
1579	10.687	111.186	-0.552	73.913
1580	10.613	111.197	-0.544	73.913
1581	10.736	111.208	-0.521	73.912
1582	10.589	111.218	-0.487	73.912
1583	10.589	111.229	-0.449	73.911
1584	10.417	111.239	-0.418	73.911
1585	10.515	111.250	-0.404	73.910
1586	10.466	111.260	-0.408	73.910
1587	10.367	111.271	-0.426	73.909
1588	10.441	111.281	-0.451	73.909
1589	10.392	111.292	-0.474	73.909
1590	10.287	111.302	-0.490	73.908
1591	10.294	111.312	-0.504	73.908
1592	10.220	111.322	-0.518	73.907
1593	10.146	111.332	-0.536	73.907
1594	10.121	111.343	-0.556	73.906
1595	10.195	111.353	-0.571	73.905
1596	10.097	111.363	-0.575	73.905
1597	10.097	111.373	-0.567	73.904
1598	10.023	111.383	-0.548	73.904
1599	10.097	111.393	-0.525	73.903
1600	10.072	111.403	-0.509	73.903
1601	9.974	111.413	-0.510	73.902
1602	9.900	111.423	-0.532	73.902
1603	9.974	111.433	-0.570	73.901
1604	9.900	111.443	-0.612	73.900
1605	9.925	111.453	-0.648	73.900
1606	9.875	111.463	-0.666	73.899
1607	9.777	111.473	-0.666	73.898
1608	9.777	111.482	-0.651	73.898
1609	9.777	111.492	-0.628	73.897
1610	9.752	111.502	-0.607	73.897
1611	9.629	111.511	-0.591	73.896
1612	9.629	111.521	-0.581	73.895
1613	9.679	111.531	-0.575	73.895
1614	9.605	111.540	-0.573	73.894
1615	9.580	111.550	-0.575	73.894
1616	9.494	111.559	-0.585	73.893
1617	9.408	111.569	-0.603	73.892
1618	9.433	111.578	-0.622	73.892
1619	9.408	111.588	-0.637	73.891
1620	9.310	111.597	-0.642	73.891
1621	9.359	111.606	-0.637	73.890
1622	9.285	111.616	-0.622	73.889
1623	9.310	111.625	-0.603	73.889
1624	9.113	111.634	-0.587	73.888
1625	9.211	111.643	-0.577	73.888
1626	9.162	111.652	-0.574	73.887
1627	9.064	111.661	-0.576	73.886
1628	9.138	111.671	-0.579	73.886
1629	9.070	111.680	-0.584	73.885
1630	8.965	111.689	-0.593	73.885
1631	8.916	111.698	-0.606	73.884
1632	8.990	111.707	-0.622	73.883
1633	8.916	111.715	-0.640	73.883
1634	8.965	111.724	-0.656	73.882
1635	8.965	111.733	-0.666	73.881
1636	8.990	111.742	-0.669	73.881
1637	8.793	111.751	-0.670	73.880
1638	8.818	111.760	-0.672	73.879
1639	8.916	111.769	-0.677	73.879
1640	8.842	111.778	-0.686	73.878
1641	8.695	111.786	-0.694	73.877
1642	8.775	111.795	-0.699	73.877
1643	8.670	111.804	-0.696	73.876
1644	8.646	111.813	-0.685	73.875
1645	8.695	111.821	-0.665	73.875
1646	8.596	111.830	-0.639	73.874
1647	8.572	111.838	-0.611	73.873
1648	8.498	111.847	-0.586	73.873
1649	8.547	111.855	-0.570	73.872
1650	8.424	111.864	-0.561	73.872
1651	8.523	111.872	-0.560	73.871
1652	8.375	111.881	-0.564	73.871
1653	8.350	111.889	-0.573	73.870
1654	8.400	111.898	-0.582	73.869
1655	8.295	111.906	-0.590	73.869
1656	8.301	111.914	-0.597	73.868
1657	8.252	111.922	-0.601	73.868
1658	8.203	111.931	-0.601	73.867
1659	8.055	111.939	-0.598	73.866
1660	8.104	111.947	-0.592	73.866
1661	8.055	111.955	-0.583	73.865
1662	8.104	111.963	-0.572	73.865
1663	8.006	111.971	-0.562	73.864
1664	7.957	111.979	-0.560	73.864
1665	7.957	111.987	-0.564	73.863
1666	7.957	111.995	-0.576	73.862
1667	7.859	112.003	-0.595	73.862
1668	8.018	112.011	-0.619	73.861
1669	7.859	112.019	-0.646	73.861
1670	7.809	112.026	-0.680	73.860
1671	7.908	112.034	-0.716	73.859
1672	7.760	112.042	-0.754	73.858
1673	7.785	112.050	-0.789	73.858
1674	7.686	112.057	-0.816	73.857
1675	7.760	112.065	-0.833	73.856
1676	7.711	112.073	-0.840	73.855
1677	7.686	112.081	-0.843	73.854
1678	7.686	112.088	-0.849	73.853
1679	7.686	112.096	-0.868	73.853
1680	7.662	112.104	-0.902	73.852
1681	7.576	112.111	-0.951	73.851
1682	7.539	112.119	-1.008	73.850
1683	7.563	112.126	-1.061	73.849
1684	7.563	112.134	-1.103	73.848
1685	7.563	112.141	-1.129	73.846
1686	7.416	112.149	-1.143	73.845
1687	7.465	112.156	-1.151	73.844
1688	7.416	112.164	-1.155	73.843
1689	7.367	112.171	-1.161	73.842
1690	7.367	112.178	-1.164	73.841
1691	7.317	112.186	-1.164	73.839
1692	7.391	112.193	-1.161	73.838
1693	7.342	112.201	-1.157	73.837
1694	7.299	112.208	-1.155	73.836
1695	7.244	112.215	-1.158	73.835
1696	7.071	112.222	-1.168	73.834
1697	7.170	112.229	-1.181	73.832
1698	7.244	112.237	-1.188	73.831
1699	7.145	112.244	-1.182	73.830
1700	7.145	112.251	-1.160	73.829
1701	7.096	112.258	-1.127	73.828
1702	7.096	112.265	-1.091	73.827
1703	7.047	112.272	-1.060	73.826
1704	6.973	112.279	-1.039	73.825
1705	6.948	112.286	-1.026	73.824
1706	6.924	112.293	-1.016	73.823
1707	6.948	112.300	-1.001	73.822
1708	6.899	112.307	-0.976	73.821
1709	7.047	112.314	-0.943	73.820
1710	6.899	112.321	-0.910	73.819
1711	6.850	112.328	-0.884	73.818
1712	6.825	112.334	-0.871	73.817
1713	6.752	112.341	-0.869	73.816
1714	6.776	112.348	-0.869	73.815
1715	6.727	112.355	-0.863	73.814
1716	6.653	112.361	-0.844	73.814
1717	6.727	112.368	-0.811	73.813
1718	6.702	112.375	-0.771	73.812
1719	6.653	112.381	-0.736	73.811
1720	6.690	112.388	-0.713	73.811
1721	6.678	112.395	-0.705	73.810
1722	6.579	112.401	-0.709	73.809
1723	6.579	112.408	-0.718	73.808
1724	6.506	112.414	-0.725	73.808
1725	6.506	112.421	-0.723	73.807
1726	6.579	112.428	-0.710	73.806
1727	6.555	112.434	-0.687	73.806
1728	6.456	112.441	-0.659	73.805
1729	6.432	112.447	-0.633	73.804
1730	6.358	112.453	-0.613	73.804
1731	6.358	112.460	-0.600	73.803
1732	6.309	112.466	-0.594	73.802
1733	6.247	112.472	-0.591	73.802
1734	6.211	112.478	-0.586	73.801
1735	6.211	112.485	-0.575	73.801
1736	6.334	112.491	-0.556	73.800
1737	6.309	112.497	-0.532	73.800
1738	6.186	112.504	-0.511	73.799
1739	6.284	112.510	-0.500	73.799
1740	6.235	112.516	-0.503	73.798
1741	6.137	112.522	-0.521	73.798
1742	6.088	112.528	-0.551	73.797
1743	6.161	112.534	-0.581	73.796
1744	6.038	112.540	-0.605	73.796
1745	6.063	112.547	-0.618	73.795
1746	6.026	112.553	-0.620	73.795
1747	6.063	112.559	-0.618	73.794
1748	5.965	112.565	-0.619	73.793
1749	6.063	112.571	-0.627	73.793
1750	6.014	112.577	-0.646	73.792
1751	5.965	112.583	-0.676	73.791
1752	5.940	112.589	-0.712	73.791
1753	5.842	112.594	-0.749	73.790
1754	5.891	112.600	-0.782	73.789
1755	5.915	112.606	-0.807	73.788
1756	5.915	112.612	-0.822	73.788
1757	5.817	112.618	-0.828	73.787
1758	5.792	112.624	-0.831	73.786
1759	5.805	112.630	-0.836	73.785
1760	5.792	112.635	-0.849	73.784
1761	5.842	112.641	-0.870	73.783
1762	5.719	112.647	-0.897	73.782
1763	5.694	112.653	-0.924	73.782
1764	5.743	112.658	-0.946	73.781
1765	5.620	112.664	-0.959	73.780
1766	5.719	112.670	-0.962	73.779
1767	5.719	112.675	-0.956	73.778
1768	5.571	112.681	-0.944	73.777
1769	5.497	112.686	-0.929	73.776
1770	5.620	112.692	-0.912	73.775
1771	5.571	112.698	-0.892	73.774
1772	5.546	112.703	-0.871	73.773
1773	5.473	112.709	-0.848	73.772
1774	5.473	112.714	-0.828	73.771
1775	5.497	112.720	-0.813	73.771
1776	5.423	112.725	-0.803	73.770
1777	5.522	112.731	-0.798	73.769
1778	5.497	112.736	-0.793	73.768
1779	5.374	112.741	-0.785	73.767
1780	5.497	112.747	-0.772	73.767
1781	5.423	112.752	-0.756	73.766
1782	5.350	112.758	-0.737	73.765
1783	5.276	112.763	-0.719	73.764
1784	5.276	112.768	-0.700	73.764
1785	5.380	112.774	-0.680	73.763
1786	5.276	112.779	-0.655	73.762
1787	5.374	112.784	-0.627	73.762
1788	5.300	112.790	-0.598	73.761
1789	5.104	112.795	-0.575	73.761
1790	5.202	112.800	-0.562	73.760
1791	5.325	112.805	-0.559	73.760
1792	5.153	112.810	-0.562	73.759
1793	5.104	112.815	-0.562	73.758
1794	5.079	112.821	-0.553	73.758
1795	5.177	112.826	-0.533	73.757
1796	5.177	112.831	-0.506	73.757
1797	5.030	112.836	-0.482	73.756
1798	4.993	112.841	-0.469	73.756
1799	5.054	112.846	-0.468	73.755
1800	4.981	112.851	-0.476	73.755
1801	4.907	112.856	-0.484	73.754
1802	5.054	112.861	-0.483	73.754
1803	4.956	112.866	-0.472	73.753
1804	4.833	112.871	-0.455	73.753
1805	4.809	112.876	-0.442	73.753
1806	4.686	112.880	-0.441	73.752
1807	4.833	112.885	-0.454	73.752
1808	4.882	112.890	-0.476	73.751
1809	4.833	112.895	-0.498	73.751
1810	4.882	112.900	-0.514	73.750
1811	4.882	112.905	-0.524	73.750
1812	4.833	112.909	-0.535	73.749
1813	4.833	112.914	-0.552	73.749
1814	4.759	112.919	-0.582	73.748
1815	4.809	112.924	-0.623	73.747
1816	4.784	112.929	-0.669	73.747
1817	4.784	112.933	-0.708	73.746
1818	4.784	112.938	-0.734	73.745
1819	4.661	112.943	-0.743	73.745
1820	4.735	112.948	-0.738	73.744
1821	4.636	112.952	-0.724	73.743
1822	4.661	112.957	-0.709	73.742
1823	4.612	112.961	-0.698	73.742
1824	4.587	112.966	-0.695	73.741
1825	4.538	112.971	-0.697	73.740
1826	4.464	112.975	-0.705	73.740
1827	4.538	112.980	-0.714	73.739
1828	4.587	112.984	-0.723	73.738
1829	4.513	112.989	-0.732	73.737
1830	4.415	112.993	-0.742	73.737
1831	4.440	112.997	-0.754	73.736
1832	4.538	113.002	-0.773	73.735
1833	4.390	113.006	-0.801	73.734
1834	4.415	113.011	-0.840	73.734
1835	4.292	113.015	-0.882	73.733
1836	4.415	113.020	-0.922	73.732
1837	4.292	113.024	-0.952	73.731
1838	4.267	113.028	-0.964	73.730
1839	4.341	113.032	-0.958	73.729
1840	4.267	113.037	-0.937	73.728
1841	4.366	113.041	-0.912	73.727
1842	4.218	113.045	-0.892	73.726
1843	4.267	113.050	-0.886	73.725
1844	4.317	113.054	-0.895	73.724
1845	4.243	113.058	-0.919	73.723
1846	4.218	113.062	-0.951	73.722
1847	4.267	113.067	-0.984	73.721
1848	4.267	113.071	-1.010	73.720
1849	4.218	113.075	-1.024	73.719
1850	4.200	113.079	-1.024	73.718
1851	4.169	113.083	-1.013	73.717
1852	4.021	113.087	-0.996	73.716
1853	4.169	113.092	-0.979	73.715
1854	4.144	113.096	-0.962	73.714
1855	4.095	113.100	-0.948	73.713
1856	4.021	113.104	-0.936	73.713
1857	4.071	113.108	-0.927	73.712
1858	3.997	113.112	-0.921	73.711
1859	3.997	113.116	-0.918	73.710
1860	3.972	113.120	-0.916	73.709
1861	3.923	113.124	-0.915	73.708
1862	4.071	113.128	-0.913	73.707
1863	3.923	113.132	-0.910	73.706
1864	3.874	113.136	-0.908	73.705
1865	3.972	113.140	-0.909	73.704
1866	3.972	113.144	-0.911	73.703
1867	3.800	113.147	-0.916	73.702
1868	3.898	113.151	-0.923	73.702
1869	3.849	113.155	-0.930	73.701
1870	3.997	113.159	-0.935	73.700
1871	3.972	113.163	-0.937	73.699
1872	3.702	113.167	-0.938	73.698
1873	3.800	113.171	-0.940	73.697
1874	3.849	113.175	-0.944	73.696
1875	3.825	113.178	-0.948	73.695
1876	3.775	113.182	-0.948	73.694
1877	3.702	113.186	-0.944	73.693
1878	3.652	113.190	-0.932	73.692
1879	3.628	113.193	-0.913	73.691
1880	3.726	113.197	-0.887	73.690
1881	3.726	113.201	-0.860	73.690
1882	3.677	113.204	-0.836	73.689
1883	3.603	113.208	-0.822	73.688
1884	3.579	113.211	-0.823	73.687
1885	3.652	113.215	-0.837	73.686
1886	3.603	113.219	-0.861	73.685
1887	3.480	113.222	-0.888	73.684
1888	3.579	113.226	-0.909	73.684
1889	3.499	113.229	-0.918	73.683
1890	3.603	113.233	-0.916	73.682
1891	3.529	113.236	-0.908	73.681
1892	3.652	113.240	-0.903	73.680
1893	3.480	113.244	-0.906	73.679
1894	3.628	113.247	-0.922	73.678
1895	3.554	113.251	-0.946	73.677
1896	3.529	113.254	-0.975	73.676
1897	3.382	113.258	-0.998	73.675
1898	3.456	113.261	-1.009	73.674
1899	3.382	113.264	-1.007	73.673
1900	3.382	113.268	-0.996	73.672
1901	3.456	113.271	-0.979	73.671
1902	3.351	113.275	-0.961	73.670
1903	3.333	113.278	-0.944	73.669
1904	3.357	113.281	-0.935	73.668
1905	3.431	113.285	-0.937	73.667
1906	3.308	113.288	-0.953	73.666
1907	3.284	113.291	-0.985	73.665
1908	3.308	113.295	-1.024	73.664
1909	3.210	113.298	-1.061	73.663
1910	3.284	113.301	-1.086	73.662
1911	3.308	113.304	-1.091	73.661
1912	3.308	113.308	-1.073	73.660
1913	3.111	113.311	-1.038	73.659
1914	3.210	113.314	-0.997	73.658
1915	3.222	113.317	-0.964	73.657
1916	3.185	113.321	-0.945	73.656
1917	3.259	113.324	-0.940	73.655
1918	3.259	113.327	-0.947	73.654
1919	3.210	113.330	-0.958	73.653
1920	3.234	113.333	-0.969	73.652
1921	3.234	113.337	-0.980	73.651
1922	3.136	113.340	-0.990	73.650
1923	3.136	113.343	-1.001	73.649
1924	3.087	113.346	-1.012	73.648
1925	2.988	113.349	-1.020	73.647
1926	3.136	113.352	-1.023	73.646
1927	3.087	113.355	-1.016	73.645
1928	3.074	113.358	-1.003	73.644
1929	3.013	113.361	-0.989	73.643
1930	3.013	113.364	-0.978	73.642
1931	3.013	113.367	-0.974	73.641
1932	3.038	113.370	-0.975	73.640
1933	2.964	113.373	-0.979	73.639
1934	3.013	113.376	-0.982	73.638
1935	3.062	113.379	-0.980	73.637
1936	2.915	113.382	-0.978	73.636
1937	2.890	113.385	-0.975	73.635
1938	2.816	113.388	-0.975	73.635
1939	2.988	113.391	-0.976	73.634
1940	2.890	113.394	-0.974	73.633
1941	2.927	113.397	-0.969	73.632
1942	2.939	113.400	-0.958	73.631
1943	2.865	113.403	-0.943	73.630
1944	2.841	113.406	-0.927	73.629
1945	2.865	113.408	-0.915	73.628
1946	2.890	113.411	-0.905	73.627
1947	2.792	113.414	-0.899	73.626
1948	2.816	113.417	-0.892	73.625
1949	2.792	113.420	-0.879	73.624
1950	2.718	113.422	-0.858	73.623
1951	2.693	113.425	-0.835	73.623
1952	2.742	113.428	-0.815	73.622
1953	2.742	113.431	-0.802	73.621
1954	2.798	113.433	-0.799	73.620
1955	2.742	113.436	-0.807	73.619
1956	2.644	113.439	-0.824	73.619
1957	2.693	113.441	-0.845	73.618
1958	2.693	113.444	-0.867	73.617
1959	2.693	113.447	-0.888	73.616
1960	2.742	113.450	-0.907	73.615
1961	2.669	113.452	-0.923	73.614
1962	2.619	113.455	-0.935	73.613
1963	2.669	113.458	-0.945	73.612
1964	2.693	113.460	-0.949	73.611
1965	2.669	113.463	-0.950	73.610
1966	2.619	113.466	-0.949	73.609
1967	2.558	113.468	-0.949	73.608
1968	2.595	113.471	-0.950	73.607
1969	2.644	113.473	-0.950	73.607
1970	2.619	113.476	-0.947	73.606
1971	2.644	113.479	-0.940	73.605
1972	2.595	113.481	-0.931	73.604
1973	2.546	113.484	-0.921	73.603
1974	2.496	113.486	-0.915	73.602
1975	2.521	113.489	-0.912	73.601
1976	2.619	113.491	-0.910	73.600
1977	2.496	113.494	-0.910	73.599
1978	2.644	113.496	-0.911	73.598
1979	2.521	113.499	-0.914	73.597
1980	2.613	113.502	-0.918	73.596
1981	2.595	113.504	-0.925	73.595
1982	2.447	113.507	-0.933	73.595
1983	2.521	113.509	-0.938	73.594
1984	2.398	113.512	-0.936	73.593
1985	2.423	113.514	-0.921	73.592
1986	2.472	113.516	-0.891	73.591
1987	2.373	113.519	-0.852	73.590
1988	2.300	113.521	-0.808	73.589
1989	2.423	113.524	-0.771	73.588
1990	2.472	113.526	-0.744	73.588
1991	2.324	113.528	-0.728	73.587
1992	2.300	113.531	-0.720	73.586
1993	2.410	113.533	-0.713	73.586
1994	2.373	113.535	-0.700	73.585
1995	2.275	113.538	-0.679	73.584
1996	2.201	113.540	-0.651	73.583
1997	2.226	113.542	-0.622	73.583
1998	2.300	113.544	-0.594	73.582
1999	2.275	113.547	-0.572	73.582
2000	2.324	113.549	-0.561	73.581
2001	2.250	113.551	-0.562	73.581
2002	2.250	113.554	-0.576	73.580
2003	2.226	113.556	-0.595	73.579
2004	2.201	113.558	-0.617	73.579
2005	2.152	113.560	-0.635	73.578
2006	2.226	113.562	-0.644	73.578
2007	2.177	113.565	-0.642	73.577
2008	2.201	113.567	-0.632	73.576
2009	2.226	113.569	-0.620	73.576
2010	2.103	113.571	-0.612	73.575
2011	2.127	113.573	-0.615	73.574
2012	2.152	113.575	-0.627	73.574
2013	2.078	113.577	-0.645	73.573
2014	2.177	113.580	-0.666	73.572
2015	2.177	113.582	-0.687	73.572
2016	2.005	113.584	-0.705	73.571
2017	2.005	113.586	-0.722	73.570
2018	2.005	113.588	-0.738	73.570
2019	2.060	113.590	-0.751	73.569
2020	2.054	113.592	-0.761	73.568
2021	2.029	113.594	-0.767	73.567
2022	1.980	113.596	-0.768	73.567
2023	1.980	113.598	-0.774	73.566
2024	2.005	113.600	-0.792	73.565
2025	2.005	113.602	-0.827	73.564
2026	1.931	113.604	-0.879	73.563
2027	2.078	113.606	-0.943	73.562
2028	1.980	113.608	-1.009	73.561
2029	2.103	113.610	-1.067	73.560
2030	2.078	113.612	-1.114	73.559
2031	1.931	113.614	-1.151	73.558
2032	1.875	113.616	-1.184	73.557
2033	1.906	113.618	-1.214	73.556
2034	1.955	113.620	-1.238	73.554
2035	1.980	113.622	-1.252	73.553
2036	1.931	113.624	-1.255	73.552
2037	1.906	113.626	-1.251	73.551
2038	1.906	113.627	-1.246	73.549
2039	1.955	113.629	-1.251	73.548
2040	2.005	113.631	-1.269	73.547
2041	1.931	113.633	-1.299	73.546
2042	1.955	113.635	-1.332	73.544
2043	1.980	113.637	-1.358	73.543
2044	1.832	113.639	-1.369	73.541
2045	1.820	113.641	-1.363	73.540
2046	1.783	113.643	-1.343	73.539
2047	1.931	113.645	-1.313	73.537
2048	1.832	113.647	-1.278	73.536
2049	1.808	113.648	-1.244	73.535
2050	1.882	113.650	-1.214	73.534
2051	1.857	113.652	-1.192	73.533
2052	1.882	113.654	-1.179	73.531
2053	1.709	113.656	-1.175	73.530
2054	1.759	113.657	-1.176	73.529
2055	1.734	113.659	-1.173	73.528
2056	1.857	113.661	-1.158	73.527
2057	1.783	113.663	-1.125	73.526
2058	1.672	113.664	-1.078	73.524
2059	1.734	113.666	-1.025	73.523
2060	1.759	113.668	-0.974	73.522
2061	1.636	113.670	-0.931	73.522
2062	1.586	113.671	-0.899	73.521
2063	1.685	113.673	-0.871	73.520
2064	1.660	113.675	-0.841	73.519
2065	1.636	113.676	-0.808	73.518
2066	1.734	113.678	-0.771	73.517
2067	1.562	113.679	-0.738	73.517
2068	1.660	113.681	-0.715	73.516
2069	1.709	113.683	-0.704	73.515
2070	1.611	113.684	-0.703	73.514
2071	1.654	113.686	-0.705	73.514
2072	1.611	113.688	-0.704	73.513
2073	1.586	113.689	-0.696	73.512
2074	1.611	113.691	-0.681	73.512
2075	1.636	113.693	-0.664	73.511
2076	1.660	113.694	-0.650	73.510
2077	1.611	113.696	-0.643	73.510
2078	1.685	113.697	-0.642	73.509
2079	1.537	113.699	-0.645	73.508
2080	1.586	113.701	-0.647	73.508
2081	1.513	113.702	-0.644	73.507
2082	1.537	113.704	-0.633	73.507
2083	1.660	113.705	-0.617	73.506
2084	1.636	113.707	-0.603	73.505
2085	1.537	113.708	-0.597	73.505
2086	1.513	113.710	-0.606	73.504
2087	1.463	113.711	-0.631	73.503
2088	1.537	113.713	-0.668	73.503
2089	1.611	113.715	-0.707	73.502
2090	1.611	113.716	-0.743	73.501
2091	1.586	113.718	-0.768	73.501
2092	1.537	113.719	-0.782	73.500
2093	1.537	113.721	-0.786	73.499
2094	1.390	113.722	-0.786	73.498
2095	1.439	113.724	-0.787	73.497
2096	1.439	113.725	-0.789	73.497
2097	1.414	113.727	-0.794	73.496
2098	1.513	113.728	-0.795	73.495
2099	1.463	113.730	-0.794	73.494
2100	1.537	113.731	-0.792	73.493
2101	1.390	113.732	-0.791	73.493
2102	1.488	113.734	-0.794	73.492
2103	1.414	113.735	-0.802	73.491
2104	1.414	113.737	-0.813	73.490
2105	1.463	113.738	-0.823	73.489
2106	1.463	113.740	-0.829	73.489
2107	1.439	113.741	-0.827	73.488
2108	1.365	113.743	-0.817	73.487
2109	1.390	113.744	-0.805	73.486
2110	1.414	113.745	-0.789	73.485
2111	1.439	113.747	-0.773	73.485
2112	1.414	113.748	-0.757	73.484
2113	1.463	113.750	-0.742	73.483
2114	1.414	113.751	-0.729	73.482
2115	1.463	113.752	-0.716	73.482
2116	1.316	113.754	-0.702	73.481
2117	1.291	113.755	-0.691	73.480
2118	1.316	113.756	-0.678	73.480
2119	1.340	113.758	-0.664	73.479
2120	1.316	113.759	-0.645	73.478
2121	1.340	113.760	-0.622	73.478
2122	1.316	113.762	-0.595	73.477
2123	1.322	113.763	-0.569	73.477
2124	1.340	113.764	-0.546	73.476
2125	1.390	113.766	-0.531	73.475
2126	1.217	113.767	-0.526	73.475
2127	1.267	113.768	-0.527	73.474
2128	1.340	113.770	-0.526	73.474
2129	1.291	113.771	-0.515	73.473
2130	1.291	113.772	-0.488	73.473
2131	1.144	113.773	-0.451	73.472
2132	1.242	113.775	-0.409	73.472
2133	1.168	113.776	-0.373	73.472
2134	1.242	113.777	-0.352	73.471
2135	1.242	113.778	-0.347	73.471
2136	1.156	113.779	-0.357	73.471
2137	1.193	113.781	-0.375	73.470
2138	1.217	113.782	-0.394	73.470
2139	1.217	113.783	-0.410	73.469
2140	1.193	113.784	-0.423	73.469
2141	1.168	113.785	-0.433	73.469
2142	1.217	113.787	-0.437	73.468
2143	1.267	113.788	-0.439	73.468
2144	1.217	113.789	-0.440	73.467
2145	1.316	113.790	-0.445	73.467
2146	1.217	113.792	-0.458	73.466
2147	1.168	113.793	-0.481	73.466
2148	1.242	113.794	-0.513	73.465
2149	1.156	113.795	-0.550	73.465
2150	1.144	113.796	-0.582	73.464
2151	1.193	113.798	-0.598	73.464
2152	1.168	113.799	-0.596	73.463
2153	1.168	113.800	-0.581	73.462
2154	1.045	113.801	-0.564	73.462
2155	1.119	113.802	-0.554	73.461
2156	1.168	113.803	-0.557	73.461
2157	1.119	113.804	-0.574	73.460
2158	1.144	113.805	-0.597	73.460
2159	1.070	113.807	-0.622	73.459
2160	1.094	113.808	-0.643	73.458
2161	1.070	113.809	-0.659	73.458
2162	1.101	113.810	-0.673	73.457
2163	1.144	113.811	-0.688	73.456
2164	1.094	113.812	-0.706	73.456
2165	1.045	113.813	-0.725	73.455
2166	1.144	113.814	-0.742	73.454
2167	1.070	113.815	-0.753	73.453
2168	1.094	113.816	-0.756	73.453
2169	0.996	113.817	-0.751	73.452
2170	1.094	113.818	-0.739	73.451
2171	1.070	113.820	-0.723	73.450
2172	1.045	113.821	-0.704	73.450
2173	1.094	113.822	-0.687	73.449
2174	1.119	113.823	-0.672	73.448
2175	1.082	113.824	-0.662	73.448
2176	1.070	113.825	-0.656	73.447
2177	1.070	113.826	-0.653	73.446
2178	1.094	113.827	-0.646	73.446
2179	1.045	113.828	-0.633	73.445
2180	0.996	113.829	-0.614	73.444
2181	1.070	113.830	-0.591	73.444
2182	1.045	113.831	-0.568	73.443
2183	1.045	113.832	-0.547	73.443
2184	1.045	113.833	-0.526	73.442
2185	1.021	113.834	-0.507	73.442
2186	0.996	113.835	-0.488	73.441
2187	1.094	113.836	-0.470	73.441
2188	1.008	113.837	-0.455	73.440
2189	0.947	113.838	-0.442	73.440
2190	0.996	113.839	-0.430	73.439
2191	0.922	113.840	-0.415	73.439
2192	0.996	113.841	-0.392	73.439
2193	0.971	113.842	-0.359	73.438
2194	0.971	113.843	-0.322	73.438
2195	0.898	113.844	-0.288	73.438
2196	0.947	113.845	-0.269	73.437
2197	0.922	113.846	-0.269	73.437
2198	0.971	113.847	-0.285	73.437
2199	0.848	113.848	-0.308	73.437
2200	0.873	113.849	-0.326	73.436
2201	0.953	113.850	-0.329	73.436
2202	0.947	113.851	-0.316	73.436
2203	1.045	113.852	-0.294	73.435
2204	0.971	113.853	-0.273	73.435
2205	0.971	113.854	-0.262	73.435
2206	0.971	113.855	-0.262	73.434
2207	0.996	113.856	-0.272	73.434
2208	0.898	113.856	-0.286	73.434
2209	0.922	113.857	-0.296	73.434
2210	0.922	113.858	-0.296	73.433
2211	1.021	113.859	-0.285	73.433
2212	0.922	113.860	-0.266	73.433
2213	0.873	113.861	-0.243	73.433
2214	0.898	113.862	-0.220	73.432
2215	0.947	113.863	-0.198	73.432
2216	0.873	113.864	-0.181	73.432
2217	0.848	113.865	-0.171	73.432
2218	0.922	113.866	-0.169	73.432
2219	0.848	113.866	-0.177	73.431
2220	0.799	113.867	-0.193	73.431
2221	0.848	113.868	-0.213	73.431
2222	0.799	113.869	-0.234	73.431
2223	0.799	113.870	-0.250	73.431
2224	0.848	113.871	-0.257	73.430
2225	0.848	113.871	-0.256	73.430
2226	0.848	113.872	-0.252	73.430
2227	0.732	113.873	-0.251	73.429
2228	0.848	113.874	-0.255	73.429
2229	0.775	113.875	-0.267	73.429
2230	0.898	113.876	-0.284	73.429
2231	0.799	113.876	-0.304	73.428
2232	0.799	113.877	-0.326	73.428
2233	0.775	113.878	-0.346	73.428
2234	0.725	113.879	-0.366	73.427
2235	0.676	113.879	-0.386	73.427
2236	0.775	113.880	-0.405	73.427
2237	0.873	113.881	-0.419	73.426
2238	0.750	113.882	-0.428	73.426
2239	0.848	113.883	-0.433	73.425
2240	0.732	113.883	-0.439	73.425
2241	0.725	113.884	-0.449	73.424
2242	0.750	113.885	-0.467	73.424
2243	0.848	113.886	-0.488	73.423
2244	0.799	113.886	-0.507	73.423
2245	0.775	113.887	-0.518	73.422
2246	0.750	113.888	-0.517	73.422
2247	0.725	113.889	-0.506	73.421
2248	0.775	113.889	-0.492	73.421
2249	0.701	113.890	-0.484	73.420
2250	0.775	113.891	-0.486	73.420
2251	0.775	113.892	-0.497	73.419
2252	0.750	113.892	-0.514	73.419
2253	0.713	113.893	-0.533	73.418
2254	0.676	113.894	-0.553	73.418
2255	0.652	113.894	-0.573	73.417
2256	0.750	113.895	-0.590	73.417
2257	0.652	113.896	-0.605	73.416
2258	0.701	113.897	-0.616	73.415
2259	0.652	113.897	-0.622	73.415
2260	0.701	113.898	-0.625	73.414
2261	0.602	113.899	-0.627	73.414
2262	0.652	113.899	-0.631	73.413
2263	0.701	113.900	-0.639	73.412
2264	0.627	113.901	-0.651	73.412
2265	0.652	113.901	-0.663	73.411
2266	0.769	113.902	-0.671	73.410
2267	0.676	113.903	-0.675	73.410
2268	0.701	113.903	-0.676	73.409
2269	0.652	113.904	-0.679	73.408
2270	0.676	113.905	-0.684	73.408
2271	0.652	113.905	-0.692	73.407
2272	0.676	113.906	-0.701	73.406
2273	0.627	113.907	-0.704	73.405
2274	0.799	113.907	-0.698	73.405
2275	0.725	113.908	-0.681	73.404
2276	0.725	113.909	-0.658	73.403
2277	0.725	113.910	-0.635	73.403
2278	0.725	113.910	-0.616	73.402
2279	0.639	113.911	-0.603	73.402
2280	0.676	113.912	-0.595	73.401
2281	0.652	113.912	-0.587	73.400
2282	0.602	113.913	-0.574	73.400
2283	0.578	113.913	-0.553	73.399
2284	0.627	113.914	-0.524	73.399
2285	0.627	113.915	-0.488	73.398
2286	0.602	113.915	-0.453	73.398
2287	0.627	113.916	-0.423	73.397
2288	0.578	113.916	-0.402	73.397
2289	0.627	113.917	-0.389	73.397
2290	0.578	113.918	-0.386	73.396
2291	0.480	113.918	-0.388	73.396
2292	0.547	113.919	-0.393	73.395
2293	0.652	113.919	-0.394	73.395
2294	0.529	113.920	-0.390	73.395
2295	0.529	113.920	-0.383	73.394
2296	0.504	113.921	-0.372	73.394
2297	0.578	113.922	-0.360	73.394
2298	0.627	113.922	-0.351	73.393
2299	0.627	113.923	-0.347	73.393
2300	0.553	113.923	-0.350	73.393
2301	0.480	113.924	-0.359	73.392
2302	0.652	113.924	-0.371	73.392
2303	0.504	113.925	-0.378	73.391
2304	0.504	113.925	-0.375	73.391
2305	0.584	113.926	-0.360	73.391
2306	0.480	113.927	-0.331	73.390
2307	0.504	113.927	-0.297	73.390
2308	0.578	113.928	-0.264	73.390
2309	0.553	113.928	-0.242	73.390
2310	0.553	113.929	-0.236	73.389
2311	0.602	113.929	-0.247	73.389
2312	0.578	113.930	-0.270	73.389
2313	0.627	113.931	-0.299	73.388
2314	0.578	113.931	-0.327	73.388
2315	0.602	113.932	-0.351	73.388
2316	0.529	113.932	-0.367	73.387
2317	0.504	113.933	-0.378	73.387
2318	0.510	113.933	-0.383	73.387
2319	0.480	113.934	-0.382	73.386
2320	0.480	113.934	-0.377	73.386
2321	0.627	113.935	-0.369	73.386
2322	0.357	113.935	-0.362	73.385
2323	0.504	113.936	-0.363	73.385
2324	0.504	113.936	-0.372	73.384
2325	0.430	113.937	-0.387	73.384
2326	0.455	113.937	-0.407	73.384
2327	0.430	113.938	-0.427	73.383
2328	0.504	113.938	-0.442	73.383
2329	0.529	113.939	-0.451	73.382
2330	0.480	113.939	-0.456	73.382
2331	0.510	113.940	-0.460	73.381
2332	0.430	113.940	-0.463	73.381
2333	0.455	113.940	-0.469	73.380
2334	0.480	113.941	-0.478	73.380
2335	0.406	113.941	-0.490	73.380
2336	0.455	113.942	-0.502	73.379
2337	0.455	113.942	-0.512	73.379
2338	0.480	113.943	-0.516	73.378
2339	0.406	113.943	-0.514	73.377
2340	0.381	113.943	-0.507	73.377
2341	0.381	113.944	-0.499	73.376
2342	0.553	113.944	-0.491	73.376
2343	0.627	113.945	-0.485	73.375
2344	0.436	113.945	-0.483	73.375
2345	0.381	113.946	-0.488	73.375
2346	0.406	113.946	-0.496	73.374
2347	0.480	113.947	-0.502	73.374
2348	0.529	113.947	-0.505	73.373
2349	0.430	113.948	-0.503	73.373
2350	0.455	113.948	-0.496	73.372
2351	0.455	113.949	-0.485	73.372
2352	0.430	113.949	-0.471	73.371
2353	0.406	113.949	-0.458	73.371
2354	0.357	113.950	-0.448	73.370
2355	0.504	113.950	-0.441	73.370
2356	0.430	113.951	-0.436	73.369
2357	0.381	113.951	-0.434	73.369
2358	0.430	113.952	-0.434	73.368
2359	0.381	113.952	-0.434	73.368
2360	0.332	113.952	-0.434	73.368
2361	0.357	113.953	-0.433	73.367
2362	0.357	113.953	-0.430	73.367
2363	0.430	113.953	-0.427	73.366
2364	0.406	113.954	-0.424	73.366
2365	0.455	113.954	-0.418	73.365
2366	0.480	113.955	-0.411	73.365
2367	0.307	113.955	-0.406	73.365
2368	0.357	113.955	-0.403	73.364
2369	0.455	113.956	-0.399	73.364
2370	0.400	113.956	-0.392	73.363
2371	0.381	113.957	-0.381	73.363
2372	0.430	113.957	-0.368	73.363
2373	0.381	113.957	-0.354	73.362
2374	0.480	113.958	-0.341	73.362
2375	0.357	113.958	-0.330	73.362
2376	0.381	113.959	-0.320	73.361
2377	0.455	113.959	-0.309	73.361
2378	0.381	113.960	-0.292	73.361
2379	0.332	113.960	-0.273	73.360
2380	0.332	113.960	-0.252	73.360
2381	0.406	113.961	-0.234	73.360
2382	0.455	113.961	-0.223	73.360
2383	0.381	113.961	-0.223	73.359
2384	0.307	113.962	-0.233	73.359
2385	0.283	113.962	-0.250	73.359
2386	0.307	113.962	-0.269	73.359
2387	0.430	113.963	-0.283	73.358
2388	0.283	113.963	-0.287	73.358
2389	0.455	113.963	-0.281	73.358
2390	0.332	113.964	-0.270	73.358
2391	0.381	113.964	-0.260	73.357
2392	0.258	113.964	-0.256	73.357
2393	0.332	113.965	-0.260	73.357
2394	0.258	113.965	-0.270	73.357
2395	0.234	113.965	-0.282	73.356
2396	0.289	113.966	-0.289	73.356
2397	0.307	113.966	-0.286	73.356
2398	0.283	113.966	-0.274	73.355
2399	0.307	113.966	-0.257	73.355
2400	0.332	113.967	-0.241	73.355
2401	0.307	113.967	-0.234	73.355
2402	0.160	113.967	-0.238	73.354
2403	0.258	113.968	-0.252	73.354
2404	0.357	113.968	-0.270	73.354
2405	0.381	113.968	-0.287	73.354
2406	0.381	113.969	-0.303	73.353
2407	0.332	113.969	-0.318	73.353
2408	0.283	113.969	-0.335	73.353
2409	0.289	113.970	-0.355	73.352
2410	0.332	113.970	-0.375	73.352
2411	0.332	113.970	-0.390	73.352
2412	0.307	113.971	-0.396	73.351
2413	0.307	113.971	-0.388	73.351
2414	0.307	113.971	-0.368	73.350
2415	0.258	113.971	-0.343	73.350
2416	0.332	113.972	-0.318	73.350
2417	0.357	113.972	-0.304	73.349
2418	0.307	113.972	-0.307	73.349
2419	0.234	113.973	-0.325	73.349
2420	0.258	113.973	-0.354	73.348
2421	0.332	113.973	-0.386	73.348
2422	0.252	113.973	-0.413	73.348
2423	0.234	113.974	-0.432	73.347
2424	0.258	113.974	-0.441	73.347
2425	0.209	113.974	-0.445	73.346
2426	0.209	113.974	-0.448	73.346
2427	0.258	113.975	-0.451	73.345
2428	0.258	113.975	-0.456	73.345
2429	0.184	113.975	-0.462	73.345
2430	0.234	113.975	-0.468	73.344
2431	0.111	113.975	-0.471	73.344
2432	0.283	113.976	-0.471	73.343
2433	0.184	113.976	-0.467	73.343
2434	0.209	113.976	-0.463	73.342
2435	0.252	113.976	-0.464	73.342
2436	0.234	113.977	-0.470	73.341
2437	0.209	113.977	-0.483	73.341
2438	0.184	113.977	-0.498	73.340
2439	0.307	113.977	-0.514	73.340
2440	0.234	113.978	-0.530	73.339
2441	0.209	113.978	-0.544	73.339
2442	0.258	113.978	-0.553	73.338
2443	0.234	113.978	-0.553	73.338
2444	0.184	113.978	-0.546	73.337
2445	0.209	113.979	-0.531	73.337
2446	0.234	113.979	-0.511	73.336
2447	0.258	113.979	-0.491	73.336
2448	0.197	113.979	-0.476	73.335
2449	0.357	113.980	-0.468	73.335
2450	0.234	113.980	-0.467	73.334
2451	0.184	113.980	-0.471	73.334
2452	0.234	113.980	-0.477	73.333
2453	0.258	113.981	-0.483	73.333
2454	0.209	113.981	-0.486	73.332
2455	0.283	113.981	-0.484	73.332
2456	0.160	113.981	-0.479	73.331
2457	0.184	113.981	-0.471	73.331
2458	0.234	113.982	-0.459	73.330
2459	0.209	113.982	-0.445	73.330
2460	0.209	113.982	-0.433	73.329
2461	0.197	113.982	-0.424	73.329
2462	0.283	113.983	-0.422	73.329
2463	0.160	113.983	-0.427	73.328
2464	0.160	113.983	-0.433	73.328
2465	0.135	113.983	-0.435	73.327
2466	0.111	113.983	-0.428	73.327
2467	0.086	113.983	-0.410	73.326
2468	0.135	113.983	-0.382	73.326
2469	0.135	113.983	-0.351	73.326
2470	0.135	113.984	-0.323	73.325
2471	0.160	113.984	-0.307	73.325
2472	-0.037	113.984	-0.304	73.325
2473	0.135	113.984	-0.313	73.324
2474	0.160	113.984	-0.328	73.324
2475	0.184	113.984	-0.344	73.324
2476	0.037	113.984	-0.357	73.323
2477	0.184	113.984	-0.365	73.323
2478	0.234	113.985	-0.371	73.323
2479	0.061	113.985	-0.380	73.322
2480	0.111	113.985	-0.396	73.322
2481	0.160	113.985	-0.415	73.322
2482	0.086	113.985	-0.434	73.321
2483	0.111	113.985	-0.449	73.321
2484	0.135	113.985	-0.455	73.320
2485	0.160	113.985	-0.456	73.320
2486	0.184	113.986	-0.456	73.319
2487	0.123	113.986	-0.461	73.319
2488	0.061	113.986	-0.476	73.318
2489	0.086	113.986	-0.498	73.318
2490	0.111	113.986	-0.521	73.317
2491	0.258	113.986	-0.537	73.317
2492	0.086	113.986	-0.541	73.316
2493	0.135	113.987	-0.537	73.316
2494	0.160	113.987	-0.534	73.315
2495	0.184	113.987	-0.538	73.315
2496	0.184	113.987	-0.556	73.314
2497	0.184	113.987	-0.585	73.313
2498	0.086	113.987	-0.618	73.313
2499	0.111	113.987	-0.644	73.312
2500	0.031	113.987	-0.653	73.312
2501	0.135	113.988	-0.644	73.311
2502	0.037	113.988	-0.623	73.310
2503	0.086	113.988	-0.598	73.310
2504	0.086	113.988	-0.576	73.309
2505	0.061	113.988	-0.562	73.309
2506	0.037	113.988	-0.555	73.308
2507	0.012	113.988	-0.552	73.307
2508	0.061	113.988	-0.550	73.307
2509	0.135	113.988	-0.545	73.306
2510	0.086	113.988	-0.541	73.306
2511	0.160	113.988	-0.540	73.305
2512	0.061	113.988	-0.544	73.305
2513	0.104	113.989	-0.556	73.304
2514	0.135	113.989	-0.572	73.304
2515	-0.037	113.989	-0.589	73.303
2516	0.061	113.989	-0.600	73.302
2517	0.111	113.989	-0.600	73.302
2518	-0.062	113.989	-0.588	73.301
2519	0.037	113.989	-0.568	73.301
2520	0.086	113.989	-0.544	73.300
2521	0.086	113.989	-0.523	73.300
2522	0.037	113.989	-0.511	73.299
2523	0.086	113.989	-0.510	73.299
2524	0.111	113.989	-0.520	73.298
2525	0.111	113.989	-0.538	73.298
2526	-0.025	113.989	-0.561	73.297
2527	0.037	113.989	-0.580	73.296
2528	-0.012	113.989	-0.590	73.296
2529	0.061	113.989	-0.589	73.295
2530	-0.062	113.989	-0.578	73.295
2531	0.037	113.989	-0.560	73.294
2532	-0.012	113.989	-0.540	73.294
2533	0.111	113.989	-0.524	73.293
2534	-0.012	113.989	-0.515	73.292
2535	-0.062	113.989	-0.516	73.292
2536	-0.062	113.989	-0.524	73.291
2537	-0.012	113.989	-0.534	73.291
2538	-0.012	113.989	-0.541	73.290
2539	-0.043	113.989	-0.541	73.290
2540	-0.062	113.989	-0.536	73.289
2541	0.037	113.989	-0.527	73.289
2542	0.037	113.989	-0.520	73.288
2543	0.061	113.989	-0.520	73.288
2544	0.037	113.989	-0.529	73.287
2545	-0.111	113.989	-0.549	73.287
2546	0.111	113.989	-0.577	73.286
2547	-0.037	113.989	-0.607	73.285
2548	0.037	113.989	-0.630	73.285
2549	0.012	113.989	-0.644	73.284
2550	-0.012	113.989	-0.644	73.284
2551	-0.037	113.989	-0.635	73.283
2552	0.068	113.989	-0.623	73.282
2553	0.012	113.989	-0.614	73.282
2554	0.012	113.989	-0.612	73.281
2555	0.012	113.989	-0.621	73.280
2556	-0.037	113.989	-0.636	73.280
2557	-0.012	113.989	-0.654	73.279
2558	-0.012	113.989	-0.672	73.278
2559	0.012	113.989	-0.686	73.278
2560	0.061	113.989	-0.695	73.277
2561	-0.086	113.989	-0.700	73.276
2562	-0.062	113.989	-0.701	73.276
2563	0.012	113.989	-0.700	73.275
2564	0.037	113.989	-0.695	73.274
2565	-0.006	113.989	-0.692	73.274
2566	-0.135	113.989	-0.691	73.273
2567	-0.086	113.989	-0.697	73.272
2568	-0.086	113.989	-0.708	73.272
2569	-0.135	113.989	-0.720	73.271
2570	-0.209	113.989	-0.730	73.270
2571	-0.012	113.989	-0.733	73.269
2572	-0.111	113.989	-0.728	73.269
2573	-0.037	113.988	-0.718	73.268
2574	-0.062	113.988	-0.711	73.267
2575	-0.111	113.988	-0.712	73.266
2576	-0.111	113.988	-0.721	73.266
2577	-0.135	113.988	-0.735	73.265
2578	0.012	113.988	-0.746	73.264
2579	0.012	113.988	-0.747	73.264
2580	-0.086	113.988	-0.737	73.263
2581	-0.012	113.988	-0.720	73.262
2582	-0.037	113.988	-0.702	73.261
2583	0.012	113.988	-0.692	73.261
2584	0.012	113.988	-0.690	73.260
2585	-0.111	113.988	-0.695	73.259
2586	-0.135	113.988	-0.697	73.259
2587	-0.037	113.988	-0.690	73.258
2588	-0.086	113.988	-0.671	73.257
2589	-0.086	113.988	-0.645	73.257
2590	-0.037	113.987	-0.617	73.256
2591	-0.025	113.987	-0.594	73.255
2592	-0.086	113.987	-0.581	73.255
2593	-0.135	113.987	-0.578	73.254
2594	-0.062	113.987	-0.583	73.254
2595	-0.111	113.987	-0.588	73.253
2596	-0.062	113.987	-0.587	73.252
2597	-0.135	113.987	-0.577	73.252
2598	-0.086	113.987	-0.562	73.251
2599	-0.086	113.987	-0.545	73.251
2600	-0.086	113.987	-0.534	73.250
2601	-0.135	113.986	-0.533	73.250
2602	-0.185	113.986	-0.545	73.249
2603	-0.234	113.986	-0.566	73.249
2604	-0.062	113.986	-0.589	73.248
2605	-0.012	113.986	-0.607	73.247
2606	0.012	113.986	-0.618	73.247
2607	-0.062	113.986	-0.625	73.246
2608	-0.062	113.986	-0.633	73.246
2609	-0.086	113.986	-0.644	73.245
2610	-0.111	113.986	-0.660	73.244
2611	-0.135	113.986	-0.674	73.244
2612	-0.086	113.985	-0.675	73.243
2613	-0.160	113.985	-0.657	73.242
2614	-0.185	113.985	-0.620	73.242
2615	-0.135	113.985	-0.573	73.241
2616	-0.062	113.985	-0.528	73.240
2617	-0.099	113.985	-0.500	73.240
2618	-0.234	113.985	-0.495	73.239
2619	-0.135	113.984	-0.513	73.239
2620	-0.111	113.984	-0.543	73.238
2621	-0.086	113.984	-0.576	73.238
2622	-0.135	113.984	-0.600	73.237
2623	-0.160	113.984	-0.609	73.237
2624	-0.160	113.984	-0.603	73.236
2625	-0.135	113.984	-0.588	73.235
2626	-0.135	113.984	-0.569	73.235
2627	-0.086	113.983	-0.551	73.234
2628	-0.209	113.983	-0.540	73.234
2629	-0.111	113.983	-0.538	73.233
2630	-0.228	113.983	-0.546	73.233
2631	-0.135	113.983	-0.561	73.232
2632	-0.160	113.983	-0.578	73.232
2633	-0.234	113.982	-0.590	73.231
2634	-0.185	113.982	-0.596	73.230
2635	-0.135	113.982	-0.594	73.230
2636	-0.209	113.982	-0.590	73.229
2637	-0.135	113.982	-0.587	73.229
2638	-0.234	113.981	-0.592	73.228
2639	-0.111	113.981	-0.606	73.227
2640	-0.160	113.981	-0.628	73.227
2641	-0.234	113.981	-0.653	73.226
2642	-0.234	113.981	-0.673	73.225
2643	-0.154	113.981	-0.683	73.225
2644	-0.160	113.980	-0.681	73.224
2645	-0.209	113.980	-0.669	73.223
2646	-0.209	113.980	-0.655	73.223
2647	-0.135	113.980	-0.644	73.222
2648	-0.111	113.980	-0.642	73.221
2649	-0.185	113.980	-0.649	73.221
2650	-0.209	113.979	-0.666	73.220
2651	-0.135	113.979	-0.688	73.219
2652	-0.234	113.979	-0.709	73.219
2653	-0.160	113.979	-0.726	73.218
2654	-0.185	113.979	-0.735	73.217
2655	-0.160	113.978	-0.735	73.217
2656	-0.191	113.978	-0.732	73.216
2657	-0.185	113.978	-0.729	73.215
2658	-0.160	113.978	-0.731	73.214
2659	-0.086	113.978	-0.736	73.214
2660	-0.234	113.978	-0.746	73.213
2661	-0.258	113.977	-0.759	73.212
2662	-0.135	113.977	-0.772	73.211
2663	-0.185	113.977	-0.779	73.211
2664	-0.234	113.977	-0.780	73.210
2665	-0.160	113.977	-0.775	73.209
2666	-0.160	113.976	-0.764	73.208
2667	-0.185	113.976	-0.754	73.208
2668	-0.283	113.976	-0.749	73.207
2669	-0.246	113.976	-0.753	73.206
2670	-0.258	113.976	-0.766	73.205
2671	-0.308	113.975	-0.783	73.204
2672	-0.185	113.975	-0.798	73.204
2673	-0.160	113.975	-0.804	73.203
2674	-0.135	113.975	-0.796	73.202
2675	-0.160	113.975	-0.781	73.201
2676	-0.111	113.974	-0.763	73.201
2677	-0.185	113.974	-0.751	73.200
2678	-0.185	113.974	-0.747	73.199
2679	-0.185	113.974	-0.749	73.198
2680	-0.185	113.974	-0.748	73.198
2681	-0.160	113.974	-0.734	73.197
2682	-0.135	113.973	-0.699	73.196
2683	-0.135	113.973	-0.649	73.195
2684	-0.185	113.973	-0.591	73.195
2685	-0.209	113.973	-0.538	73.194
2686	-0.111	113.973	-0.499	73.194
2687	-0.185	113.973	-0.478	73.193
2688	-0.209	113.972	-0.473	73.193
2689	-0.160	113.972	-0.475	73.192
2690	-0.111	113.972	-0.474	73.192
2691	-0.111	113.972	-0.465	73.191
2692	-0.062	113.972	-0.446	73.191
2693	-0.111	113.972	-0.421	73.191
2694	-0.086	113.972	-0.395	73.190
2695	-0.209	113.972	-0.373	73.190
2696	-0.160	113.971	-0.355	73.189
2697	-0.185	113.971	-0.337	73.189
2698	-0.209	113.971	-0.316	73.189
2699	-0.234	113.971	-0.285	73.189
2700	-0.308	113.970	-0.244	73.188
2701	-0.332	113.970	-0.195	73.188
2702	-0.185	113.970	-0.149	73.188
2703	-0.185	113.970	-0.114	73.188
2704	-0.357	113.969	-0.097	73.188
2705	-0.135	113.969	-0.096	73.188
2706	-0.258	113.969	-0.105	73.188
2707	-0.381	113.969	-0.115	73.187
2708	-0.265	113.968	-0.117	73.187
2709	-0.258	113.968	-0.108	73.187
2710	-0.234	113.968	-0.090	73.187
2711	-0.111	113.968	-0.070	73.187
2712	-0.234	113.968	-0.059	73.187
2713	-0.135	113.967	-0.064	73.187
2714	-0.160	113.967	-0.088	73.187
2715	-0.283	113.967	-0.127	73.187
2716	-0.209	113.967	-0.172	73.187
2717	-0.234	113.966	-0.210	73.186
2718	-0.160	113.966	-0.234	73.186
2719	-0.308	113.966	-0.240	73.186
2720	-0.160	113.966	-0.233	73.186
2721	-0.135	113.966	-0.217	73.185
2722	-0.234	113.965	-0.205	73.185
2723	-0.258	113.965	-0.203	73.185
2724	-0.357	113.965	-0.215	73.185
2725	-0.258	113.965	-0.236	73.185
2726	-0.258	113.964	-0.262	73.184
2727	-0.209	113.964	-0.284	73.184
2728	-0.332	113.964	-0.301	73.184
2729	-0.332	113.963	-0.314	73.183
2730	-0.258	113.963	-0.328	73.183
2731	-0.283	113.963	-0.349	73.183
2732	-0.283	113.963	-0.379	73.182
2733	-0.283	113.962	-0.419	73.182
2734	-0.228	113.962	-0.465	73.181
2735	-0.258	113.962	-0.512	73.181
2736	-0.308	113.962	-0.558	73.180
2737	-0.185	113.961	-0.598	73.180
2738	-0.332	113.961	-0.633	73.179
2739	-0.283	113.961	-0.661	73.178
2740	-0.308	113.960	-0.684	73.178
2741	-0.308	113.960	-0.703	73.177
2742	-0.209	113.960	-0.720	73.176
2743	-0.308	113.960	-0.735	73.176
2744	-0.209	113.959	-0.751	73.175
2745	-0.258	113.959	-0.772	73.174
2746	-0.258	113.959	-0.798	73.173
2747	-0.338	113.959	-0.827	73.172
2748	-0.308	113.958	-0.854	73.172
2749	-0.283	113.958	-0.875	73.171
2750	-0.234	113.958	-0.885	73.170
2751	-0.258	113.957	-0.887	73.169
2752	-0.209	113.957	-0.884	73.168
2753	-0.234	113.957	-0.883	73.167
2754	-0.332	113.957	-0.888	73.166
2755	-0.185	113.957	-0.901	73.165
2756	-0.283	113.956	-0.921	73.164
2757	-0.258	113.956	-0.938	73.164
2758	-0.283	113.956	-0.947	73.163
2759	-0.258	113.955	-0.943	73.162
2760	-0.283	113.955	-0.928	73.161
2761	-0.308	113.955	-0.905	73.160
2762	-0.308	113.955	-0.882	73.159
2763	-0.283	113.954	-0.864	73.158
2764	-0.258	113.954	-0.853	73.157
2765	-0.283	113.954	-0.847	73.156
2766	-0.209	113.954	-0.842	73.156
2767	-0.283	113.953	-0.834	73.155
2768	-0.357	113.953	-0.823	73.154
2769	-0.308	113.953	-0.812	73.153
2770	-0.381	113.952	-0.802	73.152
2771	-0.308	113.952	-0.795	73.151
2772	-0.332	113.952	-0.790	73.151
2773	-0.246	113.951	-0.781	73.150
2774	-0.308	113.951	-0.767	73.149
2775	-0.381	113.951	-0.744	73.148
2776	-0.332	113.950	-0.714	73.148
2777	-0.357	113.950	-0.680	73.147
2778	-0.357	113.950	-0.647	73.146
2779	-0.406	113.949	-0.619	73.146
2780	-0.381	113.949	-0.598	73.145
2781	-0.406	113.948	-0.585	73.145
2782	-0.308	113.948	-0.576	73.144
2783	-0.332	113.948	-0.572	73.143
2784	-0.357	113.947	-0.571	73.143
2785	-0.332	113.947	-0.573	73.142
2786	-0.301	113.947	-0.581	73.142
2787	-0.381	113.946	-0.594	73.141
2788	-0.431	113.946	-0.612	73.140
2789	-0.455	113.945	-0.632	73.140
2790	-0.357	113.945	-0.649	73.139
2791	-0.332	113.945	-0.658	73.139
2792	-0.332	113.944	-0.657	73.138
2793	-0.431	113.944	-0.649	73.137
2794	-0.209	113.944	-0.637	73.137
2795	-0.332	113.943	-0.631	73.136
2796	-0.283	113.943	-0.637	73.135
2797	-0.406	113.943	-0.659	73.135
2798	-0.332	113.942	-0.695	73.134
2799	-0.283	113.942	-0.738	73.133
2800	-0.381	113.942	-0.783	73.132
2801	-0.308	113.942	-0.821	73.132
2802	-0.234	113.941	-0.853	73.131
2803	-0.455	113.941	-0.878	73.130
2804	-0.308	113.941	-0.895	73.129
2805	-0.308	113.940	-0.906	73.128
2806	-0.283	113.940	-0.912	73.127
2807	-0.431	113.939	-0.916	73.126
2808	-0.357	113.939	-0.919	73.125
2809	-0.357	113.939	-0.922	73.124
2810	-0.381	113.938	-0.927	73.124
2811	-0.332	113.938	-0.931	73.123
2812	-0.301	113.938	-0.929	73.122
2813	-0.381	113.937	-0.920	73.121
2814	-0.234	113.937	-0.901	73.120
2815	-0.381	113.937	-0.878	73.119
2816	-0.283	113.936	-0.856	73.118
2817	-0.234	113.936	-0.841	73.117
2818	-0.406	113.936	-0.837	73.116
2819	-0.455	113.935	-0.843	73.116
2820	-0.455	113.935	-0.849	73.115
2821	-0.308	113.935	-0.844	73.114
2822	-0.381	113.934	-0.825	73.113
2823	-0.258	113.934	-0.792	73.112
2824	-0.308	113.934	-0.755	73.112
2825	-0.357	113.933	-0.727	73.111
2826	-0.308	113.933	-0.716	73.110
2827	-0.308	113.933	-0.723	73.109
2828	-0.332	113.932	-0.741	73.109
2829	-0.381	113.932	-0.759	73.108
2830	-0.357	113.932	-0.766	73.107
2831	-0.381	113.931	-0.753	73.106
2832	-0.308	113.931	-0.722	73.106
2833	-0.357	113.931	-0.679	73.105
2834	-0.381	113.930	-0.631	73.104
2835	-0.406	113.930	-0.588	73.104
2836	-0.480	113.929	-0.551	73.103
2837	-0.332	113.929	-0.521	73.103
2838	-0.394	113.929	-0.494	73.102
2839	-0.258	113.928	-0.469	73.102
2840	-0.381	113.928	-0.447	73.101
2841	-0.431	113.928	-0.432	73.101
2842	-0.406	113.927	-0.427	73.100
2843	-0.431	113.927	-0.428	73.100
2844	-0.455	113.926	-0.429	73.099
2845	-0.431	113.926	-0.423	73.099
2846	-0.480	113.925	-0.407	73.099
2847	-0.406	113.925	-0.384	73.098
2848	-0.406	113.924	-0.360	73.098
2849	-0.357	113.924	-0.344	73.098
2850	-0.357	113.924	-0.343	73.097
2851	-0.449	113.923	-0.359	73.097
2852	-0.381	113.923	-0.388	73.096
2853	-0.455	113.923	-0.420	73.096
2854	-0.431	113.922	-0.447	73.096
2855	-0.406	113.922	-0.461	73.095
2856	-0.332	113.921	-0.464	73.095
2857	-0.332	113.921	-0.460	73.094
2858	-0.381	113.921	-0.460	73.094
2859	-0.357	113.920	-0.468	73.093
2860	-0.357	113.920	-0.489	73.093
2861	-0.406	113.919	-0.520	73.092
2862	-0.332	113.919	-0.556	73.092
2863	-0.381	113.919	-0.592	73.091
2864	-0.431	113.918	-0.622	73.091
2865	-0.234	113.918	-0.641	73.090
2866	-0.357	113.918	-0.649	73.089
2867	-0.381	113.917	-0.650	73.089
2868	-0.455	113.917	-0.649	73.088
2869	-0.455	113.916	-0.652	73.087
2870	-0.504	113.916	-0.663	73.087
2871	-0.406	113.916	-0.680	73.086
2872	-0.357	113.915	-0.698	73.085
2873	-0.332	113.915	-0.714	73.085
2874	-0.332	113.915	-0.726	73.084
2875	-0.480	113.914	-0.737	73.083
2876	-0.406	113.914	-0.749	73.082
2877	-0.357	113.913	-0.766	73.082
2878	-0.455	113.913	-0.787	73.081
2879	-0.357	113.912	-0.808	73.080
2880	-0.455	113.912	-0.826	73.079
2881	-0.529	113.912	-0.837	73.078
2882	-0.529	113.911	-0.839	73.077
2883	-0.406	113.911	-0.832	73.077
2884	-0.381	113.910	-0.818	73.076
2885	-0.406	113.910	-0.800	73.075
2886	-0.554	113.909	-0.783	73.074
2887	-0.406	113.909	-0.770	73.073
2888	-0.357	113.908	-0.764	73.073
2889	-0.332	113.908	-0.767	73.072
2890	-0.357	113.908	-0.779	73.071
2891	-0.357	113.907	-0.798	73.070
2892	-0.431	113.907	-0.819	73.070
2893	-0.357	113.907	-0.834	73.069
2894	-0.406	113.906	-0.835	73.068
2895	-0.406	113.906	-0.817	73.067
2896	-0.406	113.905	-0.781	73.066
2897	-0.480	113.905	-0.733	73.066
2898	-0.406	113.905	-0.684	73.065
2899	-0.431	113.904	-0.640	73.064
2900	-0.480	113.904	-0.607	73.064
